lat,lon,alt,gs,track,vs
43.675496,10.385611,275,160.4,217.7,1856
43.673308,10.383323,375,163.4,217.3,1728
43.671492,10.381361,475,164.8,217.4,1920
43.669785,10.379589,575,166.2,217.4,2240
43.668187,10.37796,675,166.6,216.5,2496
43.666884,10.376718,750,166.7,214.7,2624
43.665573,10.375565,850,166.1,213.2,2816
43.664337,10.374543,950,164.0,212.0,2944
43.66302,10.373383,1050,162.9,211.4,3008
43.661774,10.372371,1150,162.9,211.4,2880
43.660413,10.371225,1250,162.6,211.9,2688
43.65883,10.369786,1350,162.3,212.4,2432
43.657527,10.368674,1425,162.8,212.7,2112
43.65613,10.367432,1475,164.8,213.1,1728
43.654501,10.365928,1550,168.1,213.6,1344
43.653244,10.364685,1575,171.1,214.5,1280
43.651291,10.362726,1650,175.4,216.0,1280
43.64938,10.360696,1700,179.6,217.8,1152
43.647471,10.358473,1775,184.4,220.6,1216
43.645523,10.355764,1850,187.4,225.2,1472
43.644166,10.353503,1900,189.9,231.2,1472
43.643002,10.351083,1950,191.1,237.4,1408
43.642164,10.348663,2000,192.8,243.2,1344
43.641513,10.34644,2050,194.6,249.2,1280
43.641174,10.344522,2075,197.1,258.3,1216
43.640762,10.340498,2150,199.0,264.2,1280
43.640762,10.337879,2200,201.0,270.6,1216
43.640945,10.33526,2225,203.3,276.5,1216
43.641419,10.332511,2275,204.8,282.4,1216
43.642071,10.32996,2325,207.8,288.5,1216
43.643051,10.327021,2375,209.5,294.2,1216
43.644104,10.324657,2425,213.3,303.0,1408
43.645706,10.321975,2475,215.5,308.8,1472
43.647629,10.319356,2550,218.5,314.4,1472
43.648819,10.318078,2575,220.1,320.2,1536
43.651016,10.316098,2650,222.7,326.2,1728
43.652778,10.314985,2700,224.6,331.8,1984
43.654633,10.31399,2775,226.2,340.4,2304
43.656735,10.313219,2850,226.8,343.1,2432
43.658798,10.312713,2950,229.0,350.7,2368
43.661856,10.312369,3050,231.3,357.0,2176
43.665534,10.312369,3150,233.0,359.8,1984
43.668234,10.312631,3250,236.4,3.4,1856
43.672531,10.313224,3350,241.0,5.2,1408
43.676285,10.313735,3425,245.3,5.8,1408
43.680634,10.31431,3525,250.2,5.5,1600
43.684753,10.314757,3625,255.0,4.9,1728
43.688919,10.315268,3725,258.9,4.7,1856
43.692398,10.315651,3825,260.8,4.4,2112
43.695979,10.315966,3925,262.7,4.2,2496
43.698679,10.316228,4025,263.7,4.1,2816
43.701187,10.316481,4125,263.7,4.1,3008
43.703613,10.316685,4225,263.7,4.1,3072
43.705894,10.316947,4325,263.6,3.9,3008
43.708548,10.317143,4425,264.6,3.9,2944
43.711155,10.317405,4525,265.6,3.9,2816
43.713482,10.317666,4625,265.6,3.9,2752
43.716555,10.317928,4725,266.5,3.7,2624
43.71904,10.318142,4825,267.5,3.4,2624
43.722153,10.318334,4925,268.4,3.2,2496
43.7254,10.318582,5025,270.4,3.0,2240
43.728424,10.318781,5125,271.4,3.2,2176
43.732086,10.3191,5225,273.4,3.1,2368
43.73471,10.319301,5325,274.4,3.1,2752
43.737317,10.319432,5425,275.4,2.9,3008
43.739738,10.319628,5525,275.4,2.9,3136
43.742857,10.31989,5625,275.4,2.9,2880
43.74565,10.32002,5725,276.4,2.9,2688
43.748024,10.320217,5825,276.4,2.9,2496
43.751312,10.320442,5925,278.4,2.9,2304
43.754837,10.320697,6025,280.3,2.7,2048
43.75929,10.320936,6125,283.3,2.6,2112
43.762573,10.321144,6225,285.3,2.4,2240
43.765915,10.321336,6325,287.3,2.4,2368
43.769119,10.321528,6425,288.3,2.4,2560
43.772598,10.321719,6525,289.2,2.2,2816
43.775208,10.321847,6625,289.2,2.4,3008
43.777818,10.321982,6725,289.2,2.4,3136
43.779739,10.322102,6800,289.2,2.4,3200
43.78238,10.322244,6900,289.2,2.4,3328
43.784335,10.322375,7000,289.2,2.4,3328
43.789169,10.322677,7200,289.3,2.6,3392
43.793273,10.322963,7375,288.3,2.6,3584
43.797363,10.323188,7575,287.3,2.8,3776
43.8013,10.323508,7750,286.3,2.8,3776
43.805328,10.323763,7950,285.4,3.0,3712
43.809311,10.324019,8125,284.4,3.0,3648
43.813058,10.324336,8300,284.4,3.0,3712
43.817294,10.324598,8500,283.4,3.0,3712
43.821297,10.324925,8700,282.4,3.0,3520
43.825859,10.325252,8900,282.4,3.0,3392
43.830231,10.325552,9075,282.4,3.0,3456
43.834146,10.325841,9275,282.4,3.0,3712
43.838242,10.326168,9475,280.4,3.1,3904
43.841967,10.326429,9650,279.4,3.1,4032
43.845428,10.326637,9850,278.4,2.9,4032
43.849319,10.326957,10050,277.4,2.9,3840
43.853232,10.327214,10225,276.4,2.9,3584
43.857189,10.327475,10425,276.4,2.9,3328
43.859344,10.327659,10500,277.4,3.1,3008
43.860727,10.327737,10550,277.4,3.1,2624
43.86352,10.327933,10625,279.4,3.1,2176
43.865475,10.328129,10675,280.4,3.1,2048
43.866639,10.328195,10700,281.5,3.3,1664
43.869232,10.328426,10750,284.5,3.2,1216
43.877439,10.329045,10850,293.5,3.3,768
43.885958,10.329764,10950,302.5,3.4,1088
43.894867,10.33047,11050,311.5,3.3,896
43.8989,10.330811,11100,316.5,3.3,1344
43.902054,10.331045,11150,319.6,3.4,1792
43.910385,10.331747,11350,323.6,3.4,2112
43.918871,10.33238,11550,326.6,3.3,2112
43.92739,10.333099,11750,329.5,3.3,2112
43.936747,10.333819,11950,330.5,3.3,2048
43.954157,10.335192,12325,335.5,3.1,1920
43.972412,10.336538,12675,339.5,3.0,1856
43.983858,10.33735,12875,341.5,3.2,1408
43.992191,10.338004,12975,342.5,3.2,960
44.012466,10.33954,13200,342.5,3.2,1408
44.018167,10.339966,13300,342.5,3.2,1856
44.028501,10.340816,13525,344.5,3.2,2304
44.037598,10.34152,13775,346.5,3.1,2752
44.050334,10.342516,14175,348.6,3.3,3136
44.059708,10.343245,14450,351.6,3.3,2688
44.071981,10.344216,14800,354.6,3.2,3136
44.083832,10.345161,15200,356.6,3.2,3200
44.096468,10.346113,15600,359.6,3.2,3136
44.109604,10.347141,16000,362.6,3.2,2944
44.123383,10.348227,16400,364.6,3.3,3008
44.137247,10.349317,16800,367.6,3.3,2880
44.151166,10.350429,17200,369.6,3.3,3136
44.163666,10.350973,17600,370.0,0.8,3136
44.174675,10.350691,17925,371.2,358.1,3008
44.188362,10.349513,18325,371.8,356.1,3072
44.201981,10.348271,18725,373.8,356.3,2880
44.216107,10.347044,19125,376.8,356.4,2880
44.230911,10.345721,19525,378.8,356.4,2880
44.24618,10.344365,19925,380.8,356.4,2624
44.261948,10.342974,20325,382.8,356.4,2752
44.277882,10.341551,20725,385.8,356.3,2560
44.294037,10.340162,21125,387.7,356.5,2752
44.310104,10.338723,21525,389.7,356.5,2624
44.325485,10.337742,21900,392.2,358.2,2560
44.330951,10.338001,22025,394.5,2.9,2880
44.333791,10.338336,22125,395.0,4.1,3264
44.336677,10.338738,22200,394.7,5.4,3648
44.346872,10.340345,22575,391.6,6.6,4032
44.358032,10.342189,22975,389.8,6.9,3584
44.370483,10.344543,23375,387.9,8.1,3584
44.382294,10.346832,23775,385.4,7.6,3392
44.396301,10.349383,24175,384.3,7.5,3008
44.409764,10.351868,24575,383.3,7.5,2816
44.426559,10.355007,24975,384.5,7.8,2496
44.443314,10.358211,25375,385.7,7.9,2304
44.462311,10.362069,25750,388.1,8.3,2112
44.482013,10.366203,26150,389.5,8.7,2304
44.499144,10.369888,26550,390.6,8.8,2496
44.514771,10.373252,26875,390.6,8.8,2048
44.522095,10.374887,27000,391.8,9.0,1664
44.529357,10.376453,27100,392.8,8.9,1216
44.549654,10.380941,27250,390.9,9.1,768
44.581914,10.388176,27475,386.8,9.1,768
44.611084,10.394636,27725,385.7,8.9,960
44.641022,10.401175,27975,384.7,9.0,640
44.65123,10.403399,28000,383.6,8.9,192
44.686238,10.41102,28000,383.7,9.0,0
44.721292,10.41879,28000,383.7,9.0,-64
44.755461,10.426427,28000,382.7,9.0,0
44.789749,10.433938,28000,381.6,8.9,64
44.824493,10.441459,28000,381.3,8.6,0
44.858807,10.448869,28000,381.6,8.9,0
44.893204,10.456434,28000,381.6,8.9,-64
44.928077,10.464143,28000,382.6,8.9,-64
44.962601,10.471802,28000,382.6,8.9,0
44.996928,10.479416,28000,383.7,9.0,64
45.031174,10.487039,28000,383.7,9.0,0
45.065546,10.49469,28025,383.6,8.9,0
45.100553,10.502461,28000,382.7,9.0,0
45.134769,10.509964,28000,381.6,8.9,0
45.169171,10.517533,28000,381.6,8.9,0
45.20348,10.52517,28000,378.8,9.1,-64
45.237762,10.533077,28000,376.0,9.3,0
45.271167,10.540779,28000,373.7,9.1,64
45.305057,10.548282,28000,373.4,8.8,0
45.328903,10.553676,28000,372.7,10.0,-64
45.339569,10.556946,28000,371.6,13.1,0
45.34964,10.560869,28000,372.0,15.8,0
45.364197,10.567409,28000,371.0,17.9,0
45.396485,10.582246,28000,370.3,18.1,-64
45.428833,10.597229,28000,369.4,18.1,0
45.461105,10.612466,28000,368.7,18.3,64
45.493103,10.627507,28000,368.7,18.3,0
45.524963,10.642482,28000,367.5,18.2,0
45.557137,10.657562,28000,367.5,18.2,0
45.589305,10.672531,28000,366.8,17.9,0
45.621379,10.687363,28000,365.9,18.0,64
45.653229,10.702157,28000,365.2,18.2,0
45.684952,10.717096,28000,365.2,18.2,64
45.716858,10.731995,28000,365.2,18.2,0
45.74856,10.746964,28000,365.2,18.2,64
45.780396,10.761845,28000,365.2,18.2,0
45.812347,10.776918,28000,365.2,18.2,-64
45.843979,10.791723,28000,365.2,18.2,-64
45.875275,10.806427,28000,364.0,18.1,0
45.906838,10.821259,28000,363.0,18.1,0
45.938232,10.83607,28000,363.0,18.1,-64
45.970009,10.851059,28000,362.1,18.2,0
45.983044,10.856895,28000,362.6,16.3,64
45.992523,10.86032,28000,362.6,13.2,0
46.002594,10.863134,28000,363.9,10.3,0
46.019806,10.866818,28000,363.9,8.4,-64
46.051575,10.873651,28000,362.1,8.6,0
46.084527,10.880791,28000,360.1,8.6,-64
46.095653,10.882851,28000,360.3,6.5,64
46.104126,10.883606,28000,360.4,2.7,0
46.115624,10.883881,28000,361.0,0.2,0
46.125819,10.883469,28000,361.3,357.6,-64
46.136353,10.882226,28000,362.2,355.2,64
46.145187,10.880618,28000,363.2,352.4,0
46.154984,10.87814,28000,364.6,349.1,0
46.177872,10.870972,28000,364.2,347.8,64
46.210265,10.860603,28000,362.7,347.4,0
46.242665,10.850235,28000,361.5,347.5,64
46.274643,10.839888,28000,361.7,347.4,64
46.306349,10.829636,28000,360.8,347.4,-64
46.338656,10.81913,28000,361.2,347.0,0
46.371094,10.808671,28000,362.7,347.4,64
46.403137,10.798422,28000,364.9,347.3,-64
46.435392,10.787888,28000,364.1,347.1,0
46.46727,10.777387,28000,362.9,347.3,0
46.499496,10.76687,28000,362.9,347.3,-64
46.511179,10.763031,27975,362.9,347.3,-512
46.518208,10.760696,27900,362.0,347.2,-960
46.542847,10.752668,27625,357.8,347.2,-1152
46.567657,10.744629,27350,356.4,347.5,-1088
46.593762,10.736183,27100,355.7,347.3,-960
46.617876,10.728287,26825,354.7,347.3,-1024
46.643946,10.719704,26550,353.9,347.1,-960
46.669601,10.711201,26275,351.5,347.4,-960
46.695511,10.702559,26025,352.0,347.0,-768
46.701736,10.700483,26000,351.0,347.0,-320
46.732773,10.690233,26000,349.8,347.1,64
46.763763,10.679984,26000,348.6,347.2,0
46.772895,10.676994,25975,348.6,347.2,-384
46.802316,10.66745,25750,355.4,347.5,-640
46.829956,10.658413,25500,359.8,347.3,-896
46.857062,10.649529,25250,362.2,347.1,-960
46.881226,10.641426,24975,365.3,347.0,-1152
46.905523,10.633357,24675,363.1,347.1,-1216
46.930252,10.625084,24375,361.2,347.0,-1216
46.95433,10.61705,24100,358.1,347.1,-1216
46.976807,10.609566,23800,357.1,347.0,-1152
47.000629,10.601525,23525,354.9,347.1,-1216
47.02272,10.594254,23225,352.5,347.4,-1152
47.046204,10.586454,22950,350.8,347.1,-1216
47.067944,10.5792,22650,347.6,347.2,-1280
47.090378,10.571732,22375,341.6,347.1,-1216
47.11296,10.5642,22075,338.6,347.0,-1216
47.135284,10.556694,21775,336.5,347.1,-1216
47.157277,10.54934,21475,335.3,347.2,-1216
47.179733,10.541862,21175,333.1,347.3,-1216
47.201688,10.534551,20875,331.4,347.1,-1216
47.223358,10.527237,20600,331.6,346.9,-1152
47.243729,10.52037,20300,329.2,347.2,-1280
47.265325,10.513071,20025,327.5,346.9,-1152
47.286621,10.505882,19725,326.5,346.9,-1216
47.308107,10.498634,19425,323.1,347.1,-1152
47.329288,10.49145,19150,322.1,347.1,-1216
47.34993,10.484528,18850,320.0,347.2,-1216
47.361642,10.480816,18700,318.7,349.1,-1152
47.367966,10.479652,18625,317.9,353.7,-1216
47.373931,10.479267,18525,317.3,357.6,-1216
47.381752,10.479408,18425,317.1,1.1,-1344
47.385818,10.479652,18350,317.2,2.2,-1664
47.389619,10.480042,18250,317.6,3.4,-1984
47.391083,10.480202,18200,317.7,3.8,-2496
47.39772,10.48082,18000,319.8,4.0,-2944
47.408892,10.482084,17600,324.9,4.2,-3328
47.420242,10.48336,17200,329.9,4.3,-3392
47.429581,10.48439,16875,336.0,4.4,-2944
47.436963,10.485253,16650,337.9,4.2,-2496
47.442307,10.485832,16525,338.9,4.2,-2048
47.452093,10.486873,16350,337.9,4.1,-1600
47.471695,10.488853,16000,334.4,2.9,-1600
47.478767,10.488845,15875,333.0,359.3,-1728
47.485889,10.48807,15750,331.2,355.1,-1472
47.500443,10.485901,15475,328.9,353.9,-1920
47.517288,10.483154,15100,329.0,353.7,-1792
47.535095,10.48027,14750,327.9,353.9,-1728
47.553589,10.477455,14400,326.7,354.2,-1792
47.570801,10.474983,14050,325.5,354.5,-1792
47.589701,10.472295,13725,321.5,354.5,-1600
47.607112,10.46983,13375,320.4,354.6,-1920
47.624382,10.467435,13025,319.4,354.6,-1664
47.642807,10.46489,12675,317.4,354.6,-1600
47.661392,10.46228,12350,313.4,354.5,-1472
47.679474,10.459808,12025,310.4,354.6,-1600
47.690347,10.45828,11825,309.3,354.8,-1472
47.701263,10.456924,11650,306.1,355.1,-1408
47.71204,10.455604,11450,305.0,355.3,-1664
47.721583,10.454477,11250,303.9,355.5,-1792
47.730847,10.453421,11050,303.0,355.5,-1728
47.740768,10.452255,10850,301.9,355.6,-1728
47.749466,10.451363,10650,301.7,356.2,-1984
47.756653,10.451157,10500,303.0,359.6,-1920
47.76178,10.451569,10375,303.6,3.6,-1856
47.769113,10.452787,10225,304.3,7.0,-1408
47.772675,10.45356,10175,304.2,8.3,-1024
47.774886,10.454125,10150,302.8,9.1,-640
47.779541,10.455345,10150,301.1,10.5,-192
47.788284,10.458298,10125,295.9,13.3,-64
47.801376,10.463516,10100,286.0,15.2,-192
47.813736,10.468529,10050,277.8,15.2,-576
47.816757,10.469696,10025,276.5,15.1,-960
47.818771,10.47052,10000,275.6,15.1,-1344
47.823486,10.472443,9875,274.6,15.2,-1792
47.830994,10.475533,9675,274.2,15.7,-1792
47.839966,10.479267,9475,272.5,16.0,-1664
47.848299,10.482788,9275,271.3,15.8,-1728
47.856771,10.486309,9075,269.8,15.5,-1792
47.864594,10.489471,8875,268.6,15.3,-1792
47.871918,10.492493,8675,268.6,15.3,-2176
47.878967,10.495308,8475,269.0,14.9,-1728
47.888101,10.498915,8275,267.3,15.2,-1728
47.89595,10.502106,8075,266.6,15.4,-2048
47.901368,10.504338,7925,266.6,15.4,-1664
47.904877,10.505814,7850,266.9,15.6,-1216
47.915131,10.510071,7700,264.4,15.4,-1280
47.918884,10.511581,7625,265.1,15.1,-1728
47.926367,10.51455,7425,266.1,15.0,-1536
47.930463,10.51617,7350,266.1,15.0,-1088
47.940984,10.520395,7200,262.2,15.3,-832
47.947408,10.523001,7125,258.1,15.3,-576
47.950745,10.524353,7100,255.7,15.0,-832
47.953629,10.525452,7050,253.5,14.9,-1280
47.95816,10.527306,6950,251.5,15.0,-1536
47.962692,10.529091,6850,250.6,15.0,-1344
47.96831,10.531311,6750,248.4,14.9,-1152
47.974083,10.533565,6650,245.9,14.6,-1152
47.979343,10.535607,6575,245.0,14.7,-704
47.987411,10.538841,6550,240.1,15.0,-384
47.994892,10.541734,6475,236.0,14.0,-448
47.999035,10.542861,6450,232.0,9.2,-448
48.00206,10.543098,6425,228.3,2.8,-832
48.005319,10.542931,6375,225.4,356.4,-896
48.008438,10.542297,6325,223.6,351.2,-512
48.012488,10.540889,6300,220.7,346.9,-576
48.015289,10.539871,6275,219.5,346.0,-1024
48.020123,10.538072,6175,219.5,346.0,-576
48.028595,10.534903,6100,216.3,346.1,-832
48.034601,10.53272,6000,216.3,346.1,-640
48.043808,10.529366,5925,212.2,346.1,-704
48.050522,10.526945,5825,211.2,346.0,-1024
48.055922,10.524832,5725,210.9,344.3,-1024
48.058529,10.523423,5675,210.1,339.7,-960
48.060577,10.521944,5650,208.4,334.4,-960
48.062904,10.519761,5600,206.7,327.9,-896
48.064911,10.517487,5575,204.6,320.5,-640
48.066861,10.51455,5550,203.0,315.6,-640
48.068351,10.511733,5500,201.5,308.4,-768
48.069375,10.509338,5475,200.5,303.6,-768
48.070496,10.506157,5450,200.4,296.0,-896
48.071228,10.503204,5400,199.8,291.4,-960
48.071843,10.499972,5375,200.1,284.2,-768
48.072235,10.496475,5350,200.4,278.9,-512
48.072418,10.491531,5300,200.5,274.0,-576
48.072372,10.486519,5275,198.0,268.8,-448
48.072075,10.475464,5225,193.2,267.3,-448
48.071749,10.464971,5175,188.3,267.0,-384
48.071411,10.459877,5125,187.2,263.6,-448
48.070865,10.455534,5100,186.8,262.0,-512
48.070306,10.452083,5075,186.8,255.7,-704
48.069077,10.44635,5000,187.5,251.7,-832
48.06752,10.440239,4925,189.4,248.3,-1024
48.065744,10.434688,4850,191.0,244.2,-1152
48.063929,10.429476,4750,192.4,242.1,-1152
48.061648,10.423561,4650,192.6,240.1,-1216
48.05932,10.417645,4550,191.4,239.6,-1216
48.056534,10.410645,4450,186.6,239.0,-768
48.053604,10.403297,4350,182.0,239.6,-768
48.050995,10.396568,4250,178.9,239.4,-1024
48.048523,10.390388,4150,176.3,238.9,-896
48.046097,10.384415,4075,171.7,239.6,-960
48.043304,10.377136,3975,168.4,240.1,-832
48.040787,10.37075,3875,165.8,239.6,-768
48.038278,10.364474,3775,162.8,239.3,-1152
48.035765,10.357995,3675,161.7,239.9,-1024
48.033158,10.351445,3575,156.9,239.4,-768
48.031219,10.346581,3525,152.0,239.6,-704
48.029433,10.342079,3450,148.0,239.1,-896
48.027664,10.337642,3375,143.5,239.0,-768
48.026128,10.333909,3325,139.1,238.8,-768
48.023895,10.328316,3250,134.8,240.2,-832
48.022125,10.323698,3150,132.6,240.1,-768
48.019547,10.316986,3050,134.0,240.0,-576
48.016864,10.310106,2950,135.3,239.8,-704
48.014191,10.303391,2875,133.6,239.4,-704
48.012314,10.298721,2775,132.2,239.6,-832
48.00975,10.292198,2675,131.4,239.3,-704
48.006995,10.285245,2575,133.6,239.4,-768
48.004249,10.278414,2475,136.3,239.1,-704
48.001602,10.271667,2400,135.8,239.5,-704
48.000595,10.269196,2350,135.8,239.5,-704
48.000595,10.269196,2350,135.0,239.0,-768
47.985489,10.230881,2425,147.4,240.3,3264
47.984976,10.229539,2525,147.4,240.3,3328
47.984371,10.22799,2625,147.4,240.3,3584
47.983766,10.22637,2725,146.0,240.4,3776
47.983207,10.224962,2825,144.3,240.1,3840
47.982788,10.223808,2925,144.3,240.1,3840
47.982369,10.222778,3000,144.3,240.1,3904
47.981918,10.221611,3100,142.5,239.7,3904
47.981369,10.220238,3200,141.7,239.4,3776
47.980911,10.21907,3300,141.7,239.4,3712
47.980228,10.217426,3400,140.8,239.2,3648
47.979809,10.216299,3500,140.8,239.2,3648
47.97911,10.214609,3600,140.8,239.2,3264
47.978505,10.21306,3700,140.8,239.2,3072
47.977947,10.211651,3800,142.5,239.7,2944
47.977155,10.209609,3900,143.9,239.5,2624
47.97641,10.207778,4000,145.3,239.4,2560
47.975572,10.205595,4100,146.1,239.6,2688
47.974781,10.203623,4200,146.1,239.6,2624
47.973907,10.201492,4300,148.0,239.1,2496
47.973245,10.19982,4400,148.5,238.8,2560
47.97226,10.197441,4500,149.4,239.0,2624
47.971481,10.195381,4600,150.2,239.2,2496
47.97052,10.193047,4700,152.0,239.6,2368
47.96965,10.190849,4800,153.3,239.4,2240
47.968689,10.188377,4900,155.6,239.5,2240
47.967612,10.185664,5000,157.4,239.0,2240
47.966766,10.183571,5100,159.2,239.4,2048
47.965439,10.180206,5200,162.2,239.6,1728
47.965027,10.179245,5225,163.6,239.5,1536
47.963608,10.175537,5300,168.1,239.6,1152
47.963236,10.174607,5325,172.5,239.7,1088
47.962398,10.172495,5350,176.5,240.1,896
47.96156,10.170312,5375,180.5,240.4,640
47.960587,10.167709,5400,185.4,240.3,832
47.9599,10.165855,5425,189.9,240.3,1024
47.958814,10.162987,5475,193.5,240.3,1408
47.957557,10.159748,5550,198.3,240.7,1664
47.956253,10.156227,5600,203.3,240.5,1216
47.95459,10.151917,5675,208.3,240.4,1280
47.953171,10.148209,5750,212.7,240.4,1408
47.952209,10.145668,5800,216.3,240.4,1728
47.95079,10.14196,5875,221.3,240.2,1920
47.949326,10.138184,5975,225.4,239.9,2112
47.947998,10.134682,6075,226.6,240.4,2560
47.947128,10.132484,6150,228.4,240.6,3008
47.946431,10.130592,6250,228.4,240.6,3328
47.945267,10.127634,6350,229.5,239.6,3328
47.944243,10.125028,6450,231.0,239.0,2944
47.943054,10.122253,6550,232.8,237.8,2816
47.941869,10.119676,6650,234.4,236.3,2432
47.940262,10.116211,6750,238.8,233.5,2176
47.938248,10.112572,6850,242.4,230.9,2240
47.936096,10.10907,6950,246.2,227.0,2560
47.933163,10.105027,7125,250.5,222.7,2752
47.930184,10.101436,7275,253.3,218.6,3200
47.926786,10.097985,7475,256.0,213.7,3264
47.922729,10.094513,7675,258.8,209.1,3136
47.918518,10.09156,7875,262.3,204.3,2816
47.913937,10.089111,8050,266.0,200.0,2816
47.910632,10.087844,8175,271.0,193.0,2560
47.907513,10.086928,8275,273.6,190.5,2176
47.904877,10.086411,8350,277.5,187.7,1728
47.902253,10.086153,8400,281.6,183.9,1408
47.89946,10.086153,8425,286.0,180.6,1408
47.895968,10.086506,8500,289.4,176.8,1536
47.895223,10.086646,8525,293.1,173.1,1920
47.892523,10.08728,8600,294.3,171.4,2304
47.886795,10.089088,8775,298.8,166.9,2496
47.880249,10.091492,8975,302.7,166.2,2688
47.873763,10.093759,9175,305.4,166.6,2496
47.867385,10.096154,9375,309.0,165.4,2688
47.861566,10.098971,9575,311.2,160.9,3008
47.85705,10.101929,9750,312.6,156.6,2880
47.852554,10.105431,9900,313.7,151.2,2880
47.848343,10.109482,10075,315.9,145.7,2752
47.843719,10.114906,10250,316.9,141.8,2624
47.840927,10.118614,10350,318.6,137.8,2368
47.8396,10.120605,10400,319.7,136.5,1984
47.837494,10.123901,10450,321.1,134.0,1536
47.834564,10.129189,10525,324.9,129.1,1152
47.831177,10.13633,10600,330.1,124.5,896
47.826691,10.14711,10675,337.3,121.1,1152
47.824631,10.152122,10750,340.1,121.2,1536
47.823761,10.154388,10775,341.5,121.2,1920
47.822021,10.158646,10850,342.3,121.1,2176
47.82046,10.162424,10925,342.8,121.3,2624
47.81669,10.171509,11125,344.7,121.5,2240
47.811848,10.183551,11325,348.8,120.7,1984
47.807426,10.194749,11525,351.4,120.4,2176
47.802631,10.207003,11725,355.7,120.0,2368
47.798813,10.216736,11925,357.8,120.6,2432
47.79451,10.226418,12125,361.4,124.8,2688
47.790024,10.235001,12325,362.9,128.5,2752
47.786524,10.240596,12450,365.6,134.7,2688
47.781967,10.246536,12625,367.6,139.9,2944
47.777539,10.25123,12775,368.4,145.1,3200
47.772766,10.255394,12950,368.8,151.1,3200
47.76741,10.259239,13125,369.6,155.4,3072
47.762596,10.261935,13300,370.2,159.6,3072
47.756973,10.264389,13475,369.9,163.7,3136
47.751068,10.266312,13650,370.9,169.0,3136
47.743277,10.267921,13900,369.9,172.9,3456
47.731406,10.269893,14300,370.6,173.2,3328
47.719666,10.272079,14700,371.0,172.7,3392
47.707851,10.2744,15075,372.1,172.6,3328
47.69584,10.276654,15450,373.2,172.5,3136
47.683643,10.279118,15825,374.4,172.3,3200
47.670469,10.281724,16225,376.3,172.4,2816
47.656829,10.284541,16625,376.6,172.1,3264
47.644592,10.287048,16975,377.7,171.9,2816
47.63062,10.289964,17375,379.7,172.0,3136
47.616981,10.292851,17775,381.8,171.9,2880
47.602066,10.296043,18175,385.1,171.6,2944
47.587187,10.299542,18575,386.2,169.7,2816
47.578296,10.302711,18825,387.6,166.0,3072
47.570335,10.306232,19075,387.1,162.4,3200
47.561677,10.310951,19325,386.8,158.9,2944
47.553223,10.316437,19600,387.6,155.6,2880
47.545523,10.322289,19825,387.8,152.2,2816
47.537795,10.328979,20050,387.2,148.7,2816
47.530068,10.336726,20300,387.3,145.2,2880
47.518662,10.349262,20700,387.8,143.1,2880
47.506372,10.362854,21100,390.2,143.3,2688
47.493347,10.377205,21500,391.6,143.3,2880
47.481467,10.390249,21900,393.0,143.3,2944
47.469503,10.403419,22300,393.0,143.3,3392
47.465919,10.407363,22450,392.2,143.2,3840
47.457916,10.416138,22825,389.4,143.2,4160
47.452881,10.4217,23075,388.0,143.3,3712
47.450592,10.42424,23150,388.0,143.3,3328
47.447856,10.427293,23250,386.6,143.3,2880
47.444916,10.430489,23350,386.6,143.3,2496
47.441479,10.434265,23425,386.6,143.3,2048
47.425046,10.452083,23800,385.1,144.6,1792
47.417085,10.459477,23950,386.6,148.3,1792
47.409256,10.465714,24100,388.7,152.2,1856
47.401794,10.470795,24250,389.5,156.1,1792
47.395252,10.474619,24350,390.0,158.2,1344
47.387878,10.478348,24425,390.5,161.8,896
47.379425,10.481732,24475,392.4,165.5,640
47.371511,10.484126,24550,395.6,168.8,1088
47.367828,10.48494,24600,396.4,170.6,1536
47.364062,10.485676,24650,396.7,172.2,1920
47.359268,10.486382,24750,396.9,174.4,2368
47.352517,10.487154,24900,396.3,175.4,2816
47.338257,10.489059,25300,394.6,174.8,3072
47.323748,10.491028,25700,393.7,174.6,2944
47.316467,10.492012,25875,392.7,174.6,2560
47.314438,10.492295,25925,393.7,174.6,2176
47.311039,10.492788,26000,393.7,174.6,1728
47.30658,10.493454,26050,394.7,174.6,1280
47.285202,10.496407,26225,395.8,174.5,832
47.253799,10.500801,26475,392.8,174.4,896
47.223862,10.505058,26725,392.8,174.4,960
47.194336,10.509384,26975,391.9,174.3,704
47.18811,10.510277,27000,391.8,174.4,256
47.152863,10.515358,27000,392.8,174.4,0
47.127502,10.518997,27050,394.8,174.5,448
47.12241,10.519691,27075,395.9,174.4,832
47.117752,10.52037,27125,396.9,174.4,1280
47.110492,10.521452,27225,396.9,174.4,1664
47.106116,10.522015,27300,395.8,174.5,2112
47.100769,10.522774,27425,395.8,174.5,2560
47.090987,10.524128,27675,394.7,174.6,2944
47.084656,10.52504,27825,392.7,174.6,2624
47.081818,10.525452,27875,391.8,174.6,2176
47.078888,10.525795,27925,390.7,174.7,1792
47.076276,10.52617,27975,389.7,174.7,1344
47.065567,10.527924,28075,387.6,173.3,896
47.055095,10.530255,28175,384.0,170.7,832
47.042358,10.533966,28275,381.3,168.0,832
47.026291,10.539734,28425,380.3,166.0,896
46.998953,10.549692,28675,381.5,165.9,960
46.971313,10.559715,28925,381.5,165.9,1024
46.964039,10.562369,29000,381.5,165.9,576
46.958825,10.56427,29000,382.5,165.9,192
46.924805,10.576538,29000,383.9,166.3,64
46.890976,10.588554,29000,384.2,166.1,-64
46.857193,10.600668,29000,385.1,166.2,0
46.822861,10.613061,29000,384.4,166.0,0
46.789421,10.625084,29000,384.2,166.1,128
46.755753,10.637177,29000,383.2,166.1,0
46.721781,10.649391,29000,383.0,166.2,0
46.688217,10.66127,29000,383.9,166.3,-64
46.654495,10.673352,29000,383.9,166.3,0
46.620716,10.685371,29000,383.9,166.3,-64
46.58638,10.697602,29000,383.2,166.1,0
46.552368,10.709794,29000,383.2,166.1,0
46.532455,10.716627,29000,383.9,167.7,64
46.522064,10.71924,29000,385.9,170.9,0
46.511536,10.721115,29000,388.3,173.8,-64
46.499354,10.722313,29000,389.7,176.6,-64
46.488275,10.722519,29000,391.0,179.6,0
46.477009,10.72197,29000,393.5,182.8,64
46.465558,10.720528,29000,394.7,185.4,0
46.440606,10.716202,29000,395.8,186.8,-64
46.405133,10.709953,29000,395.9,187.0,0
46.368915,10.703636,29000,395.7,186.7,0
46.332977,10.697594,29000,395.7,186.7,0
46.296799,10.691573,29000,395.6,186.5,0
46.260821,10.685577,29000,395.6,186.5,0
46.224884,10.679716,29000,395.5,186.4,0
46.189037,10.673904,29000,395.5,186.4,-64
46.153145,10.667999,29000,394.6,186.6,0
46.1173,10.662094,29000,394.6,186.6,-192
46.081924,10.656269,29000,394.6,186.6,-128
46.046265,10.650374,28975,394.7,186.7,-256
46.039444,10.649235,28975,393.7,186.7,0
46.037338,10.648833,28975,393.6,186.6,512
46.024475,10.646757,29025,393.6,186.6,64
46.019165,10.645819,29025,393.6,186.6,-384
46.008316,10.644077,28975,392.5,186.4,0
45.991656,10.641289,29000,391.7,186.7,256
45.981583,10.639589,29050,392.7,186.7,-128
45.979156,10.639187,29025,393.7,186.7,-576
45.972427,10.638115,29000,394.5,186.4,-256
45.960251,10.636105,29000,394.6,186.6,64
45.924225,10.63021,28975,395.6,186.5,-256
45.911545,10.628134,28925,395.7,186.7,-704
45.882072,10.623161,28675,400.7,186.6,-832
45.850509,10.618011,28425,405.5,186.4,-896
45.816879,10.612525,28175,407.6,186.5,-832
45.784964,10.6073,27925,406.6,186.5,-896
45.754486,10.60241,27675,403.5,186.4,-896
45.724353,10.597549,27425,401.5,186.4,-896
45.693604,10.592562,27175,401.6,186.6,-896
45.669937,10.588677,27000,399.7,186.6,-448
45.659729,10.587002,27000,398.7,186.6,0
45.624115,10.581174,27000,397.6,186.5,64
45.587723,10.575279,27000,397.4,186.4,0
45.55197,10.569603,27000,397.4,186.4,64
45.516312,10.563943,27000,396.6,186.5,0
45.480148,10.558123,27000,395.6,186.5,0
45.44426,10.552303,27000,394.6,186.6,64
45.408123,10.54654,27000,393.5,186.4,-64
45.372711,10.540924,27000,393.5,186.4,-64
45.336805,10.535018,27000,392.6,186.6,-64
45.301117,10.529153,27000,392.6,186.6,0
45.265686,10.523464,27000,391.5,186.4,0
45.229922,10.517801,27000,390.5,186.5,-64
45.194412,10.512281,27000,389.4,186.3,0
45.172429,10.508825,27000,389.4,186.3,-384
45.167495,10.508088,26950,388.4,186.4,-832
45.13975,10.503667,26675,386.4,186.4,-1024
45.111679,10.499178,26400,385.5,186.6,-1344
45.087799,10.495344,26100,388.5,186.5,-1408
45.063766,10.491486,25800,389.5,186.5,-1216
45.039322,10.487627,25500,388.4,186.4,-1280
45.014557,10.483704,25200,388.4,186.4,-1216
44.989991,10.479885,24900,385.4,186.4,-1216
44.964981,10.475922,24600,385.4,186.4,-1344
44.95816,10.474875,24525,386.4,186.4,-896
44.92696,10.469904,24275,391.5,186.4,-960
44.897911,10.465348,24025,394.4,186.3,-896
44.868027,10.460685,23775,394.5,186.4,-960
44.838684,10.456107,23525,394.4,186.3,-1024
44.809322,10.451682,23275,393.2,186.1,-960
44.780228,10.447083,23000,391.5,186.4,-960
44.750666,10.442371,22750,389.5,186.5,-960
44.722083,10.437749,22500,386.5,186.5,-896
44.693593,10.433193,22225,381.4,186.5,-960
44.665196,10.428705,21975,378.3,186.4,-960
44.638184,10.424587,21700,378.2,186.2,-960
44.609147,10.420063,21450,377.3,186.4,-960
44.580844,10.415642,21175,376.4,186.4,-896
44.553145,10.411288,20925,375.4,186.4,-896
44.524934,10.406933,20675,376.2,186.3,-960
44.496552,10.402614,20400,373.2,186.1,-960
44.469165,10.398426,20150,369.3,186.4,-960
44.441528,10.394178,19900,369.2,186.2,-896
44.413605,10.389927,19650,369.2,186.2,-960
44.386209,10.385698,19400,368.2,186.2,-896
44.359115,10.381477,19125,365.2,186.3,-960
44.348688,10.379869,19000,364.3,186.5,-1408
44.326156,10.376386,18675,363.2,186.3,-1408
44.303253,10.372768,18375,361.2,186.4,-1344
44.280954,10.369352,18050,358.1,186.2,-1408
44.25943,10.366058,17725,356.1,186.3,-1408
44.237567,10.36272,17400,354.2,186.3,-1472
44.216995,10.359584,17075,353.2,186.3,-1792
44.197719,10.356624,16700,352.1,186.2,-1984
44.179184,10.353784,16325,351.1,186.2,-1920
44.16881,10.352652,16125,350.7,183.6,-1856
44.159918,10.352391,15950,351.0,180.2,-1856
44.149933,10.352826,15775,351.5,177.1,-1920
44.131056,10.354353,15400,350.6,176.7,-1920
44.111876,10.355791,15025,349.5,176.9,-1920
44.093628,10.35723,14650,348.6,176.7,-1920
44.074631,10.358702,14275,346.6,176.7,-1856
44.056046,10.360171,13925,345.6,176.7,-1856
44.037552,10.36164,13550,344.5,176.8,-1920
44.019241,10.362982,13175,342.5,176.8,-2048
44.000663,10.364423,12825,339.5,176.8,-1600
43.982322,10.365862,12450,336.5,176.8,-1984
43.967471,10.367039,12175,335.5,176.8,-1536
43.961047,10.367562,12075,333.5,176.7,-1088
43.947418,10.368603,11950,328.5,176.9,-640
43.933594,10.369689,11875,319.5,176.8,-512
43.918405,10.370832,11775,310.5,176.9,-448
43.9124,10.371225,11750,307.4,177.2,-832
43.909281,10.371421,11700,306.3,177.6,-1152
43.897876,10.372009,11525,303.2,178.1,-960
43.883351,10.372532,11400,300.1,178.7,-768
43.869805,10.372925,11250,299.1,178.9,-960
43.864517,10.373138,11175,299.1,178.7,-1408
43.861053,10.373252,11100,298.1,178.6,-1792
43.852341,10.373521,10900,299.1,178.5,-2176
43.844667,10.37384,10700,301.1,178.3,-2048
43.835123,10.374298,10500,301.2,178.1,-1664
43.825347,10.374756,10300,301.2,177.9,-1728
43.815571,10.375214,10100,302.2,178.1,-1664
43.80423,10.375757,9900,301.2,177.9,-1216
43.79318,10.376129,9725,299.0,180.0,-1536
43.788528,10.375693,9650,298.5,183.5,-1536
43.784454,10.374798,9575,297.6,188.9,-1344
43.780426,10.373457,9500,296.9,194.0,-1152
43.776747,10.371682,9450,295.4,199.2,-1088
43.773674,10.369851,9400,293.6,204.1,-1088
43.769717,10.366974,9350,291.9,209.1,-1216
43.766319,10.363835,9275,290.9,214.1,-1216
43.762299,10.359533,9225,288.8,218.8,-1088
43.756124,10.351998,9100,286.8,221.8,-1088
43.749115,10.343245,8950,284.6,222.1,-1536
43.742706,10.335133,8750,282.4,222.6,-1664
43.735886,10.326382,8575,279.5,223.1,-1664
43.72966,10.318334,8375,277.4,222.9,-1920
43.724003,10.310996,8175,276.6,223.1,-1856
43.717626,10.302756,7975,274.5,223.2,-1728
43.711349,10.294573,7775,273.0,223.5,-1856
43.705627,10.287036,7575,271.6,223.8,-1728
43.699265,10.278668,7375,269.5,223.9,-1664
43.693039,10.270364,7175,267.3,224.1,-1856
43.688623,10.264435,7025,266.6,224.2,-1856
43.685691,10.260511,6925,266.6,224.2,-1792
43.683037,10.256914,6825,265.2,224.2,-1728
43.679947,10.252799,6725,264.5,224.4,-1664
43.676697,10.248392,6625,263.1,224.4,-1600
43.673355,10.243857,6525,261.6,224.4,-1728
43.670288,10.239769,6425,261.6,224.4,-1792
43.667722,10.236315,6325,260.2,224.4,-1792
43.664649,10.23213,6225,259.5,224.5,-1792
43.661865,10.228335,6125,258.8,224.7,-1664
43.658752,10.224056,6025,258.1,224.8,-1600
43.655711,10.219901,5925,256.7,224.5,-1600
43.652033,10.214931,5825,255.3,224.5,-1280
43.647949,10.209365,5725,252.4,224.5,-1152
43.6436,10.203488,5625,249.6,224.5,-1088
43.638565,10.19659,5525,246.1,224.7,-704
43.631927,10.187711,5475,241.2,224.2,-576
43.624924,10.178386,5375,236.2,224.0,-448
43.618835,10.170274,5300,232.7,224.1,-896
43.61428,10.164185,5200,231.3,224.1,-896
43.609314,10.157627,5100,229.9,223.8,-896
43.604504,10.151236,5000,228.5,223.8,-1088
43.600593,10.146136,4900,227.8,223.6,-1152
43.596543,10.140839,4800,228.5,223.4,-1216
43.592743,10.135974,4700,228.6,222.7,-1344
43.589676,10.13246,4625,228.5,220.0,-1472
43.587387,10.130289,4550,228.9,215.2,-1472
43.585184,10.128544,4500,229.0,210.1,-1408
43.582391,10.126844,4425,229.7,203.9,-1280
43.579285,10.125434,4375,229.6,197.5,-1152
43.576526,10.124686,4325,229.3,191.1,-960
43.573407,10.124228,4275,227.8,184.8,-832
43.570427,10.124294,4250,227.1,178.2,-704
43.567495,10.124751,4200,225.3,171.8,-576
43.563957,10.125929,4175,224.4,167.4,-576
43.561615,10.127095,4150,222.9,159.0,-512
43.559162,10.128741,4125,222.3,154.7,-576
43.556694,10.130768,4100,220.9,148.3,-640
43.554474,10.133035,4075,219.4,142.0,-704
43.552277,10.135846,4025,219.9,135.6,-704
43.550446,10.13872,4000,219.0,129.1,-640
43.548798,10.142042,3975,217.8,124.7,-640
43.547477,10.145416,3950,217.9,118.2,-640
43.546453,10.148686,3925,217.6,113.9,-640
43.545731,10.15207,3900,217.6,107.1,-576
43.545196,10.155552,3875,217.7,100.6,-512
43.544907,10.159607,3850,217.3,96.3,-576
43.544917,10.163596,3825,218.1,92.1,-640
43.54509,10.166441,3775,218.6,85.8,-768
43.545615,10.172032,3725,220.1,82.2,-832
43.546732,10.181383,3650,219.1,80.3,-512
43.548157,10.192758,3575,215.0,80.4,-640
43.549246,10.201525,3475,211.9,80.5,-832
43.550363,10.21068,3375,208.8,80.6,-704
43.55159,10.221245,3300,204.7,80.7,-896
43.552322,10.227377,3200,202.7,80.6,-1024
43.553284,10.235361,3100,200.6,80.8,-1088
43.554199,10.242771,3000,199.7,79.0,-1088
43.554794,10.246156,2950,199.2,76.9,-1024
43.55571,10.250244,2900,199.0,73.7,-1024
43.556927,10.255018,2825,198.6,70.3,-832
43.557816,10.257909,2800,198.0,68.4,-960
43.558777,10.260528,2750,197.0,60.8,-576
43.560605,10.264173,2725,195.8,55.8,-704
43.562839,10.268097,2675,193.5,51.3,-704
43.565027,10.271432,2625,192.6,48.0,-960
43.567245,10.274325,2550,192.4,43.7,-1216
43.569962,10.277448,2475,192.6,39.3,-1216
43.573733,10.281372,2375,192.4,36.3,-1024
43.578094,10.285694,2275,191.5,35.4,-896
43.582352,10.289846,2175,189.8,35.8,-1024
43.587021,10.294573,2075,188.2,36.1,-896
43.591736,10.299363,1975,186.4,36.9,-896
43.596403,10.304195,1875,185.6,37.1,-1024
43.599755,10.307726,1775,185.0,36.9,-960
43.604736,10.312841,1675,183.6,36.8,-768
43.609543,10.317759,1575,179.2,37.1,-832
43.613983,10.322358,1475,175.8,36.7,-960
43.617538,10.326037,1375,173.6,36.8,-960
43.621309,10.329895,1275,172.2,36.7,-1024
43.625244,10.333855,1175,168.2,36.0,-1024
43.628757,10.337415,1075,165.2,36.4,-1216
43.632062,10.340816,975,161.4,36.9,-960
43.635727,10.34465,900,156.4,36.9,-576
43.638719,10.347682,875,152.2,36.7,-512
43.640302,10.349317,825,148.6,36.8,-640
43.645111,10.354359,725,145.0,36.9,-640
43.649473,10.358865,650,142.8,37.0,-768
43.652592,10.362135,550,143.4,37.3,-768
43.657108,10.366778,450,142.8,37.0,-768
43.661133,10.370966,350,144.2,37.1,-768
43.665487,10.375475,250,145.6,37.2,-640
43.668653,10.378745,175,144.4,36.5,-704
43.672004,10.382211,100,144.4,36.5,-896
43.68611,10.396598,125,168.0,36.5,1856
43.686813,10.397282,175,171.0,36.2,2496
43.688049,10.39856,275,171.8,36.0,2688
43.689377,10.399965,375,172.4,36.3,2944
43.689926,10.400476,425,173.4,37.3,3392
43.691162,10.401881,525,174.0,37.5,3456
43.693222,10.403989,725,174.6,37.8,3648
43.693817,10.404691,775,173.8,38.0,3904
43.695557,10.406608,975,173.0,38.2,3712
43.696817,10.407911,1075,173.0,38.2,3712
43.697841,10.409023,1175,173.0,38.2,3712
43.698772,10.410069,1275,173.0,38.2,3712
43.699749,10.411115,1375,173.0,38.2,3648
43.700638,10.412101,1450,173.0,38.2,3520
43.701599,10.413123,1550,173.7,38.5,3520
43.702835,10.414464,1650,173.7,38.5,3520
43.703751,10.415486,1750,173.7,38.5,3648
43.705078,10.416955,1875,173.7,38.5,3520
43.706267,10.418243,1975,173.7,38.5,3328
43.707184,10.419255,2075,173.7,38.5,3136
43.70874,10.420979,2175,172.9,38.7,2816
43.709793,10.422129,2275,173.5,38.9,2752
43.711075,10.423534,2375,173.5,38.9,2944
43.712644,10.425306,2475,173.5,38.9,2752
43.714508,10.427367,2625,174.3,38.7,2624
43.715857,10.428837,2700,175.7,38.8,2496
43.71702,10.430145,2800,175.7,38.8,2496
43.718628,10.431838,2900,177.3,38.4,2496
43.720413,10.433626,3000,179.3,35.5,2240
43.722473,10.435351,3100,180.6,32.1,2112
43.724121,10.436437,3175,183.8,26.1,2432
43.725769,10.437331,3275,184.8,22.3,2688
43.72728,10.438034,3375,185.0,18.9,2880
43.728891,10.438647,3450,185.1,17.0,3008
43.730576,10.43912,3550,185.2,12.2,3072
43.732361,10.439567,3675,185.3,9.0,3008
43.7341,10.439758,3775,186.1,6.2,2752
43.735734,10.439889,3850,187.2,2.8,2368
43.737038,10.439824,3900,189.0,1.2,1984
43.74025,10.439497,4000,193.5,355.9,1536
43.741516,10.439183,4025,197.0,351.8,1088
43.743668,10.438417,4050,200.7,347.6,768
43.744583,10.438034,4075,204.3,344.7,768
43.745865,10.437395,4100,206.5,342.5,768
43.748154,10.43599,4125,215.6,334.1,1088
43.750398,10.434265,4175,219.2,329.6,1408
43.752447,10.432173,4250,223.2,322.5,1856
43.754402,10.429818,4325,225.1,317.5,1984
43.755891,10.427595,4400,227.2,312.7,1984
43.757584,10.424365,4500,230.5,304.9,2112
43.758957,10.421107,4575,232.4,299.6,2176
43.759802,10.41844,4650,234.2,292.1,2368
43.7605,10.415562,4750,235.3,287.0,2688
43.761105,10.412162,4850,237.3,282.2,2816
43.761383,10.409418,4950,237.8,277.0,3008
43.761524,10.406015,5050,237.1,271.9,3200
43.761475,10.403733,5150,237.0,269.3,3328
43.761292,10.400783,5250,237.0,264.7,3264
43.76088,10.397601,5350,238.9,258.4,2944
43.760407,10.394897,5425,239.4,256.7,2496
43.759689,10.391725,5525,241.7,252.9,2048
43.758408,10.387445,5600,245.0,246.7,1664
43.757034,10.38406,5675,249.2,239.6,1728
43.75524,10.380511,5750,252.6,232.7,2048
43.753235,10.37729,5850,254.2,228.0,2496
43.751495,10.375054,5950,254.7,223.4,2880
43.749793,10.373121,6050,255.3,218.8,3264
43.747698,10.371159,6150,254.9,214.1,3456
43.746069,10.369851,6250,254.4,209.7,3392
43.7444,10.36873,6350,255.0,207.6,3456
43.742671,10.367628,6425,254.9,203.4,3456
43.740809,10.366712,6525,255.6,199.4,3200
43.738632,10.365792,6625,256.5,195.6,3072
43.736433,10.365143,6725,257.1,193.5,2880
43.733917,10.364579,6825,258.6,189.6,2752
43.731125,10.364259,6925,260.6,183.7,2624
43.726364,10.364259,7100,263.0,179.6,2688
43.721257,10.36462,7275,266.4,177.0,2688
43.716229,10.364947,7475,269.2,177.9,3136
43.713043,10.36509,7625,270.2,178.1,3264
43.708282,10.365217,7825,272.0,178.9,3136
43.703241,10.365339,8025,275.1,178.5,2816
43.697754,10.365601,8225,276.1,178.1,2944
43.692767,10.365862,8425,279.2,177.7,3072
43.68746,10.366189,8625,280.3,177.6,3136
43.682385,10.366516,8825,282.3,177.4,2944
43.67688,10.366814,9025,285.3,177.4,2688
43.670654,10.367235,9225,288.3,177.4,2880
43.665482,10.367517,9425,290.2,177.6,2944
43.659805,10.367836,9625,292.2,177.6,3008
43.654541,10.368092,9825,293.2,177.9,3264
43.650078,10.368347,10025,294.2,177.9,3648
43.645702,10.368543,10225,293.2,177.9,4032
43.642816,10.36874,10375,292.2,177.8,4032
43.639604,10.36887,10525,292.2,177.8,3776
43.638254,10.368936,10575,293.2,178.1,3392
43.635554,10.369067,10700,294.2,178.1,3008
43.633552,10.369132,10750,295.2,178.1,2624
43.630783,10.369305,10825,297.2,178.1,2176
43.628012,10.369393,10900,299.1,178.3,1728
43.624832,10.369497,10950,302.1,178.3,1280
43.619633,10.36972,11025,307.1,178.3,832
43.612656,10.370008,11075,316.1,178.4,896
43.603912,10.370263,11175,325.1,178.6,1152
43.593842,10.370583,11325,335.1,178.8,1600
43.588955,10.370701,11425,338.1,178.8,1984
43.582626,10.370902,11550,341.1,178.8,2432
43.577783,10.371028,11700,343.1,178.8,2880
43.571503,10.371221,11900,344.1,178.8,3200
43.558731,10.371605,12300,347.1,178.7,2816
43.548706,10.371924,12600,349.1,178.7,3200
43.544266,10.372052,12775,349.1,178.9,3648
43.533418,10.372336,13175,349.1,178.9,3456
43.521973,10.372754,13575,350.2,178.0,3328
43.51442,10.373649,13825,351.6,174.4,3200
43.507908,10.375279,14050,352.3,170.0,3200
43.502833,10.377175,14225,353.6,164.1,3520
43.493989,10.381165,14575,352.9,161.1,3904
43.487006,10.384565,14850,353.9,160.7,3456
43.476105,10.389809,15250,353.9,160.7,3264
43.464386,10.39543,15650,355.2,160.6,2944
43.450745,10.402073,16050,358.3,160.6,2816
43.437567,10.408434,16450,361.5,160.6,2752
43.424719,10.414712,16850,362.2,160.3,3072
43.411743,10.421107,17250,363.8,160.1,2688
43.39682,10.42858,17650,367.3,159.9,2560
43.381165,10.436373,18050,371.0,160.1,2432
43.364899,10.444663,18450,375.0,159.4,2368
43.350174,10.452341,18850,377.0,159.0,2688
43.337666,10.458919,19150,380.5,158.9,2240
43.320145,10.468502,19550,385.4,157.1,2560
43.310989,10.474378,19800,387.8,154.2,2688
43.301605,10.481276,20050,391.2,150.9,2624
43.29158,10.489516,20325,393.8,148.3,2624
43.27803,10.501333,20725,395.6,147.6,2432
43.263016,10.514427,21125,397.0,147.6,2624
43.248891,10.526668,21525,397.8,147.6,2496
43.232941,10.540488,21925,400.1,147.7,2496
43.21798,10.553414,22325,401.7,147.8,2304
43.20163,10.567506,22725,404.0,147.8,2496
43.185745,10.581175,23125,405.3,147.8,2176
43.168449,10.596052,23500,407.6,147.8,1984
43.150909,10.611004,23875,410.6,147.9,1792
43.130768,10.628187,24200,415.9,148.1,1728
43.109839,10.646014,24550,420.9,148.0,1728
43.09021,10.662742,24900,424.0,148.1,1792
43.070755,10.679222,25275,426.8,148.0,2176
43.052673,10.694602,25650,427.6,148.1,1984
43.034565,10.709904,26050,427.6,148.1,2112
43.015711,10.725861,26425,428.5,148.2,2240
42.998291,10.740541,26775,429.3,148.2,1792
42.978236,10.757446,27125,431.5,148.3,1792
42.957148,10.775234,27475,434.3,148.2,1600
42.935898,10.793109,27800,437.4,148.3,1728
42.913761,10.811789,28125,440.1,148.2,1280
42.89003,10.831753,28425,443.2,148.3,1472
42.865533,10.852334,28725,447.6,148.3,1408
42.841187,10.872803,29050,450.4,148.2,1472
42.818619,10.891795,29375,451.8,148.2,1536
42.797102,10.909871,29725,453.2,148.2,1920
42.777924,10.926028,30100,450.9,148.1,2176
42.759064,10.941883,30500,448.2,148.2,2240
42.740112,10.957801,30900,445.9,148.2,1984
42.720151,10.974575,31275,445.4,148.3,1920
42.704269,10.987889,31575,443.2,148.3,2368
42.694519,10.996066,31775,440.4,148.4,1920
42.691009,10.998975,31850,439.6,148.3,1472
42.68654,11.00268,31900,438.2,148.3,1024
42.65625,11.027964,32125,428.3,148.5,640
42.626022,11.05314,32375,423.8,148.4,896
42.597905,11.076454,32625,423.3,148.5,960
42.570206,11.099385,32875,421.4,148.7,960
42.554332,11.112479,33000,419.7,148.5,512
42.548326,11.117461,33025,419.7,148.5,64
42.515274,11.144863,33000,420.2,148.4,0
42.482595,11.172074,33000,420.2,148.4,0
42.450334,11.198837,33000,420.2,148.4,0
42.417375,11.226239,33000,418.8,148.5,0
42.384509,11.253449,33000,419.3,148.4,0
42.351791,11.280525,33000,418.8,148.5,0
42.318878,11.307616,33000,419.2,148.7,0
42.286148,11.334645,33000,418.8,148.5,0
42.253647,11.361361,33000,420.5,148.6,192
42.246552,11.367229,33050,421.4,148.7,640
42.240244,11.372383,33100,421.9,148.6,1024
42.217619,11.39097,33400,421.9,148.6,1280
42.195419,11.409239,33700,421.9,148.6,1408
42.173022,11.427634,34025,421.9,148.6,1344
42.150192,11.446381,34325,421.9,148.6,1280
42.125632,11.466469,34600,423.6,148.7,1088
42.100401,11.487036,34875,424.5,148.8,1024
42.083828,11.500514,35000,425.8,148.7,576
42.077774,11.505432,35025,426.7,148.8,128
42.044352,11.532642,35000,428.9,148.8,-64
42.011032,11.55974,35000,429.4,148.7,0
41.977456,11.587063,35000,429.4,148.7,-64
41.944153,11.614234,35000,429.4,148.7,-64
41.911026,11.641228,35000,429.4,148.7,64
41.877416,11.668502,35000,428.1,148.8,-64
41.843851,11.695777,35000,429.4,148.7,64
41.829653,11.707913,35000,432.1,146.4,-64
41.817719,11.719291,35000,435.2,144.0,0
41.805492,11.731929,35000,439.0,141.4,64
41.794144,11.744822,35000,442.3,139.0,-64
41.783101,11.758501,35000,445.6,136.3,0
41.772263,11.773099,35000,448.4,133.9,-64
41.74498,11.811738,35000,449.2,133.3,0
41.716919,11.851564,35000,449.2,133.3,-64
41.68895,11.89114,35000,448.4,133.6,64
41.660808,11.93045,35000,448.4,133.7,0
41.632736,11.969542,35000,447.0,133.9,64
41.604675,12.008431,35000,447.0,133.9,-64
41.576176,12.04785,35000,446.3,133.8,-64
41.547826,12.087133,35000,445.6,133.9,0
41.519348,12.126409,35000,444.8,134.0,0
41.490738,12.165735,35000,445.5,134.1,0
41.462631,12.204437,35000,444.8,134.0,0
41.434471,12.243305,35000,444.8,134.0,-64
41.406006,12.28259,35000,444.9,133.8,0
41.377491,12.322041,35000,443.5,133.8,0
41.349335,12.360962,35000,443.5,133.8,0
41.32164,12.399231,35000,442.7,133.9,64
41.29379,12.437522,35000,442.0,134.0,-64
41.265656,12.476379,35000,442.2,133.1,-64
41.258038,12.488084,35000,445.6,130.3,64
41.24913,12.503052,35000,449.4,127.4,0
41.24086,12.518359,35000,452.7,124.7,-128
41.232513,12.5354,35000,456.1,122.2,0
41.225079,12.552317,35000,459.1,119.6,0
41.218003,12.570107,35000,461.6,117.3,0
41.199554,12.619507,35000,461.1,116.4,0
41.180761,12.669421,35000,460.2,116.4,0
41.161743,12.719849,35000,459.7,116.6,0
41.1427,12.77002,35000,458.8,116.7,0
41.123828,12.819422,35000,458.4,116.8,0
41.104935,12.868774,35000,457.5,116.9,0
41.085892,12.918396,35000,457.5,116.9,0
41.06694,12.967651,35000,457.5,116.9,0
41.048126,13.016541,35000,458.0,117.0,64
41.029373,13.065179,35000,458.9,117.0,0
41.010178,13.115356,35000,460.6,116.8,0
40.991014,13.165304,35000,460.6,116.8,64
40.972161,13.214493,35000,462.0,116.9,0
40.9534,13.263432,35000,462.0,116.9,64
40.934189,13.313293,35000,463.3,116.9,0
40.914963,13.363098,35000,463.3,116.9,0
40.895691,13.412842,35000,463.8,117.1,0
40.876403,13.462497,35000,463.8,117.1,64
40.856758,13.512934,35000,462.9,117.1,-128
40.837418,13.562683,35000,462.9,117.1,0
40.818237,13.611877,35025,462.0,117.2,0
40.799011,13.661194,35000,461.1,117.2,64
40.77951,13.71106,35000,459.8,117.2,0
40.760488,13.759627,35000,458.9,117.2,64
40.741494,13.808004,35000,459.3,117.3,-64
40.721989,13.857568,35000,458.4,117.4,64
40.702881,13.90625,35000,458.0,117.3,-64
40.683563,13.955322,35000,457.6,117.5,0
40.663834,14.005188,35000,457.6,117.5,0
40.64447,14.054016,35000,456.7,117.5,0
40.625931,14.100708,35000,456.7,117.5,0
40.606705,14.149231,35000,456.7,117.5,-64
40.595786,14.176733,35000,454.9,117.6,320
40.589905,14.191467,35025,455.3,117.5,-128
40.571253,14.238469,35000,455.8,117.6,0
40.552414,14.285767,35000,456.2,117.7,192
40.533546,14.332976,35000,455.8,117.6,-128
40.514648,14.38031,35000,456.2,117.7,0
40.495605,14.427734,35000,457.6,117.7,64
40.47624,14.476173,35000,458.0,117.6,0
40.45752,14.522766,35000,457.6,117.7,0
40.438293,14.57074,35000,458.5,117.7,0
40.418655,14.619568,35000,459.4,117.9,64
40.399103,14.667809,35000,458.5,118.0,64
40.379974,14.714966,35000,458.5,118.0,64
40.360519,14.762878,35000,457.6,118.0,-64
40.341064,14.810669,35000,457.6,118.0,64
40.321014,14.860046,35000,457.2,117.9,64
40.301902,14.906949,35000,456.8,118.1,64
40.28235,14.954889,35000,455.4,118.0,0
40.262565,15.003392,35000,455.4,118.0,0
40.243013,15.05127,35000,454.5,118.1,-64
40.223328,15.099487,35000,453.6,118.2,-64
40.204282,15.145839,35000,452.8,118.2,0
40.184601,15.193665,35000,452.8,118.2,0
40.164917,15.241577,35000,451.9,118.3,0
40.14537,15.28894,35000,450.5,118.2,0
40.125641,15.336731,35000,449.7,118.3,0
40.10601,15.384168,35000,448.8,118.3,0
40.086644,15.430922,35000,448.8,118.3,0
40.067185,15.477739,35000,447.9,118.4,0
40.047775,15.524597,35000,447.4,118.3,0
40.028275,15.571533,35000,447.0,118.5,64
40.00882,15.618408,35000,445.7,118.4,-64
39.989594,15.664307,35000,443.9,118.5,64
39.970367,15.710327,35000,443.0,118.6,0
39.951233,15.755981,35000,442.1,118.7,0
39.931686,15.802612,35000,440.3,118.5,0
39.912598,15.848077,35000,439.9,118.7,0
39.893188,15.894172,35000,439.0,118.7,0
39.874283,15.938893,35000,438.2,118.8,-64
39.855194,15.984092,35000,437.7,118.7,0
39.836151,16.029112,35000,437.7,118.7,0
39.816605,16.075446,35000,437.7,118.7,0
39.797562,16.120406,35000,438.2,118.8,64
39.778107,16.166322,35000,440.4,118.8,-64
39.759428,16.210449,35000,443.1,118.9,-64
39.739923,16.256287,35000,444.0,118.8,0
39.720566,16.301741,35000,444.5,118.9,64
39.700819,16.347961,35000,444.5,118.9,0
39.681965,16.392029,35000,444.5,118.9,0
39.662704,16.437219,35000,443.6,119.0,0
39.643021,16.483015,35000,444.1,119.1,64
39.62317,16.529175,35000,444.9,119.0,0
39.603292,16.575378,35025,445.4,119.2,-64
39.583374,16.621598,35000,447.2,119.0,0
39.563187,16.668588,35000,448.5,119.1,64
39.5431,16.715088,35000,448.2,119.2,-64
39.523132,16.761256,35000,449.0,119.2,64
39.503082,16.807709,35000,449.9,119.1,-64
39.483627,16.85255,35000,448.6,119.4,0
39.463577,16.898406,34975,446.9,119.5,64
39.443436,16.944441,35025,444.7,119.5,0
39.423694,16.989563,35000,445.0,119.3,0
39.403909,17.034851,35000,444.2,119.4,0
39.384124,17.080078,35000,443.3,119.5,-64
39.364288,17.125357,35000,443.3,119.5,128
39.344147,17.171332,35000,441.9,119.4,0
39.324509,17.216114,35000,441.1,119.5,0
39.304459,17.26185,35000,440.6,119.4,0
39.285108,17.30603,35000,439.7,119.4,64
39.26564,17.350338,35000,438.0,119.6,0
39.246143,17.394531,35000,437.1,119.6,0
39.22701,17.437683,35000,434.9,119.6,-64
39.207645,17.481445,35000,434.0,119.7,0
39.187592,17.526656,35000,433.1,119.8,0
39.168045,17.570721,35000,432.6,119.7,0
39.149268,17.612976,35000,433.1,119.8,-64
39.129902,17.656494,35000,433.1,119.8,64
39.110092,17.701005,35000,432.3,119.8,0
39.090134,17.745547,35000,433.6,119.9,0
39.070267,17.78991,35000,435.0,119.9,0
39.050537,17.833856,35000,436.4,120.0,0
39.030932,17.877441,35000,437.2,119.9,0
39.01181,17.919895,35000,436.4,120.0,64
38.991806,17.964617,35000,436.7,119.8,0
38.971893,18.00898,35000,436.7,119.8,0
38.952213,18.052979,35000,436.4,120.0,0
38.93248,18.096692,35000,436.9,120.1,-64
38.912933,18.14004,35000,436.4,120.0,0
38.893184,18.183716,35000,436.9,120.1,0
38.873199,18.227751,35000,437.4,120.2,0
38.853661,18.270691,35000,437.4,120.2,0
38.833644,18.314636,35000,437.9,120.3,0
38.815384,18.354572,35000,438.4,120.4,0
38.794587,18.400024,35000,438.7,120.2,0
38.774506,18.444075,35000,438.7,120.2,-64
38.754505,18.487732,35000,439.2,120.4,0
38.733976,18.532532,35000,440.1,120.3,0
38.71376,18.576687,35000,440.6,120.4,-64
38.693436,18.62105,35000,441.5,120.3,64
38.673386,18.664756,35000,441.5,120.3,64
38.652789,18.709656,35000,442.3,120.3,0
38.632187,18.754319,35000,442.5,120.6,-64
38.612195,18.797546,35000,443.3,120.5,0
38.591583,18.84215,35000,443.3,120.5,0
38.570996,18.886658,35000,443.3,120.5,-64
38.550751,18.930518,35000,443.3,120.5,0
38.532079,18.97113,35000,443.8,119.6,0
38.525024,18.988375,35000,445.4,117.0,64
38.518845,19.005153,35000,447.6,114.3,64
38.512527,19.024475,35000,448.8,111.7,0
38.507313,19.042664,35000,450.4,109.3,-64
38.494995,19.089521,35000,450.3,108.5,0
38.48204,19.138721,35000,449.4,108.6,64
38.470583,19.18103,35000,448.2,109.7,0
38.458008,19.223984,35000,447.2,110.8,0
38.443588,19.271811,35000,445.7,111.0,0
38.429105,19.319763,35000,444.4,111.0,-64
38.414627,19.368042,35000,444.1,110.8,0
38.400103,19.416783,35000,442.4,110.7,0
38.386139,19.464033,35000,442.1,110.5,0
38.371706,19.513092,35000,442.1,110.5,0
38.357758,19.560456,35000,441.1,110.6,0
38.343589,19.608207,35000,440.5,110.7,0
38.329239,19.656353,35000,440.9,110.9,0
38.314728,19.704681,35000,440.9,110.9,0
38.300854,19.75091,35000,440.9,110.9,0
38.286667,19.798357,35000,440.5,110.7,0
38.272271,19.846563,35000,440.9,110.9,0
38.258119,19.893852,35000,440.9,110.9,0
38.243641,19.942216,35000,440.9,110.9,0
38.229396,19.989385,35000,441.3,111.0,0
38.214981,20.037192,35000,442.2,110.9,0
38.200766,20.084321,35000,442.2,110.9,0
38.186554,20.131161,35000,442.6,111.1,0
38.172044,20.178959,35000,442.6,111.1,0
38.157669,20.226414,35000,442.6,111.1,0
38.143112,20.2741,35000,442.6,111.1,0
38.128843,20.321065,35000,442.6,111.1,0
38.114319,20.368652,35000,441.6,111.1,0
38.099716,20.416455,35000,442.0,111.2,0
38.085205,20.463789,35000,441.0,111.3,64
38.070746,20.510818,35000,440.1,111.3,0
38.056129,20.558047,35000,440.5,111.4,-64
38.041626,20.604975,35000,439.8,111.2,0
38.026932,20.652602,35000,438.3,111.4,0
38.012509,20.699198,35000,438.3,111.4,0
37.997864,20.746395,35000,437.3,111.5,0
37.983536,20.792503,35000,436.4,111.5,0
37.969299,20.838376,35000,436.0,111.4,0
37.954645,20.885428,35000,435.5,111.6,0
37.939774,20.932987,35000,435.5,111.6,0
37.9254,20.979153,35000,434.2,111.5,0
37.910889,21.025611,35000,434.2,111.5,0
37.896835,21.070667,35000,434.2,111.5,0
37.882116,21.117753,35000,433.6,111.7,0
37.867639,21.163907,35000,433.6,111.7,0
37.852936,21.210451,35000,434.9,111.7,64
37.838013,21.257668,35000,434.9,111.7,0
37.82346,21.303684,35000,434.9,111.7,0
37.808657,21.350376,35000,435.3,111.8,0
37.794022,21.3964,35000,435.3,111.8,0
37.779422,21.442327,35000,436.2,111.8,0
37.764542,21.488966,35000,436.2,111.8,0
37.749629,21.535771,35000,436.6,111.9,0
37.734558,21.583051,35000,436.6,111.9,0
37.719835,21.629095,35000,435.6,112.0,0
37.704799,21.675846,35000,436.0,112.1,0
37.689809,21.722478,35000,436.9,112.0,0
37.67468,21.769529,35000,436.9,112.0,0
37.659876,21.815803,35000,436.6,111.9,0
37.645165,21.861718,35000,436.9,112.0,0
37.630176,21.908291,35000,437.9,112.0,0
37.615036,21.955183,35000,438.2,112.1,0
37.599792,22.002226,35000,438.6,112.2,0
37.584834,22.048128,35000,439.0,112.4,0
37.569672,22.094675,35000,439.9,112.3,0
37.554482,22.141452,35000,440.9,112.3,0
37.539185,22.188292,35000,440.9,112.3,0
37.523849,22.235393,35000,441.8,112.2,0
37.508423,22.282553,35000,442.2,112.3,0
37.492905,22.329887,35000,442.5,112.4,0
37.47767,22.376165,35000,442.5,112.4,0
37.462494,22.422439,35000,442.5,112.4,-64
37.446945,22.469612,35000,441.6,112.5,0
37.431444,22.51636,35000,441.6,112.5,0
37.416046,22.562996,35000,442.0,112.6,0
37.400673,22.609386,35000,441.6,112.5,0
37.385497,22.655301,35000,441.6,112.5,0
37.370042,22.701933,35000,440.7,112.6,0
37.354752,22.748069,35000,440.7,112.6,0
37.339325,22.794527,35000,440.2,112.7,0
37.323815,22.840815,35000,440.2,112.7,-64
37.308426,22.886976,35000,440.2,112.7,0
37.292812,22.933602,35000,439.2,112.8,0
37.277252,22.980126,35000,439.2,112.8,0
37.26204,23.025373,35000,440.5,112.8,0
37.246307,23.07199,35000,440.5,112.8,0
37.230835,23.117981,35000,440.2,112.7,0
37.215225,23.164556,35000,440.5,112.8,0
37.199432,23.211423,35000,440.5,112.8,0
37.183868,23.257472,35000,440.9,113.0,0
37.168052,23.304151,35000,440.9,113.0,0
37.152466,23.350096,35000,440.0,113.0,0
37.137187,23.395147,35000,440.0,113.0,64
37.121292,23.441844,35000,440.0,113.0,0
37.105578,23.487874,35000,440.4,113.1,0
37.089661,23.534585,35000,440.0,113.0,0
37.073914,23.580634,35000,439.5,113.2,0
37.058167,23.626508,35000,439.5,113.2,0
37.042465,23.672265,35000,439.9,113.3,0
37.026765,23.717811,35000,439.5,113.2,0
37.011063,23.763603,35000,439.5,113.2,0
36.994995,23.810178,35000,439.9,113.3,0
36.985291,23.838754,35000,439.6,112.2,-64
36.980865,23.853766,35000,441.5,109.6,0
36.97673,23.869902,35000,442.2,107.0,0
36.972839,23.8879,35000,443.8,104.3,0
36.969413,23.907146,35000,444.6,101.9,0
36.961406,23.956823,35000,444.8,101.4,-64
36.95343,24.005945,35000,444.8,101.4,0
36.945465,24.055033,35000,445.0,101.5,0
36.9375,24.10342,35000,446.0,101.5,0
36.929239,24.153562,35000,447.2,101.6,0
36.921021,24.203231,35000,447.4,101.7,0
36.912964,24.251793,35000,448.3,101.7,0
36.904587,24.302459,35000,449.3,101.7,0
36.896233,24.35257,35000,449.3,101.7,0
36.887833,24.402914,35000,449.5,101.8,0
36.879456,24.452703,35000,448.5,101.8,0
36.870987,24.503135,35000,448.5,101.8,0
36.862564,24.553158,35000,446.6,101.9,-64
36.854279,24.602187,35000,445.6,101.9,0
36.845724,24.65221,35000,444.8,102.1,0
36.837205,24.701999,35000,445.0,102.2,0
36.828598,24.75174,35000,444.8,102.1,0
36.820129,24.801579,35000,443.6,102.0,0
36.811661,24.85096,35000,443.6,102.0,0
36.803329,24.899654,35000,442.7,102.0,0
36.794907,24.948807,35000,441.7,102.0,0
36.786575,24.996986,35000,441.9,102.2,0
36.778083,25.045965,35000,440.9,102.2,-64
36.769638,25.09409,35000,440.2,102.3,0
36.761215,25.141926,35000,440.2,102.3,64
36.752526,25.191475,35000,439.2,102.4,0
36.744095,25.239658,35000,439.0,102.2,0
36.735489,25.288525,35000,438.2,102.4,0
36.727248,25.335525,35000,438.0,102.3,0
36.718643,25.384312,35000,438.2,102.4,-64
36.709991,25.433292,35000,437.2,102.4,0
36.705597,25.458012,34975,436.2,102.4,-320
36.703995,25.467167,34925,436.2,102.4,-768
36.702713,25.474205,34875,435.3,102.5,-1216
36.70225,25.476886,34850,435.5,102.6,-1664
36.701226,25.482671,34775,435.5,102.6,-2048
36.696943,25.506631,34400,435.3,102.5,-2048
36.691915,25.534915,34050,433.3,102.5,-1792
36.686841,25.563199,33700,430.2,102.5,-1792
36.681747,25.591564,33350,428.2,102.5,-1920
36.676804,25.618973,32975,425.5,102.8,-1792
36.671631,25.647354,32625,423.6,102.8,-1792
36.666777,25.674231,32275,421.2,102.6,-1856
36.661789,25.702,31925,419.0,102.5,-1792
36.657048,25.728695,31575,416.8,102.5,-1792
36.65202,25.756745,31225,414.9,102.5,-1792
36.647179,25.78351,30875,412.0,102.6,-1792
36.642334,25.81049,30525,410.0,102.7,-1792
36.637496,25.837214,30175,407.8,102.6,-1728
36.632538,25.864906,29825,405.4,102.4,-1792
36.629608,25.8815,29650,405.7,102.5,-1408
36.627952,25.890743,29575,406.6,102.5,-960
36.621063,25.928845,29325,409.0,102.7,-832
36.61394,25.967764,29075,414.3,102.8,-832
36.606583,26.007957,28825,419.7,102.9,-896
36.599487,26.046238,28575,424.8,102.9,-1216
36.597507,26.057057,28475,425.7,102.9,-1664
36.592712,26.083202,28100,427.7,102.8,-2112
36.587631,26.111069,27700,428.7,102.8,-2112
36.582687,26.138248,27325,428.7,102.8,-2048
36.578002,26.163648,26950,427.7,102.8,-2112
36.573207,26.189595,26575,426.7,102.9,-2112
36.568459,26.215483,26200,425.7,102.9,-2112
36.565201,26.234722,25900,425.2,100.6,-2112
36.562966,26.252766,25625,424.3,98.1,-2304
36.560265,26.276842,25225,424.1,98.0,-2496
36.557556,26.300583,24825,424.1,98.0,-2496
36.554947,26.323414,24425,424.3,98.1,-2432
36.552246,26.34676,24025,424.3,98.1,-2432
36.549591,26.369762,23625,423.3,98.2,-2496
36.546799,26.393795,23225,423.3,98.2,-2432
36.544144,26.416855,22825,423.3,98.2,-2432
36.541397,26.440315,22425,422.3,98.2,-2432
36.538758,26.464253,22025,421.9,97.8,-2432
36.536087,26.488209,21625,419.9,97.8,-2496
36.533432,26.511555,21225,419.2,98.1,-2432
36.530823,26.534042,20825,417.5,98.4,-2432
36.527819,26.558689,20425,415.7,98.6,-2432
36.525101,26.581135,20025,414.7,98.6,-2432
36.522186,26.605147,19625,412.7,98.6,-2048
36.521713,26.609001,19575,412.7,98.6,-1664
36.521072,26.614323,19525,411.5,98.5,-1280
36.52037,26.619931,19475,409.6,98.6,-832
36.517763,26.642021,19375,400.2,98.3,-640
36.516553,26.652657,19325,396.0,98.1,-1024
36.516041,26.657098,19275,395.0,98.2,-1280
36.515808,26.659069,19250,394.0,98.2,-1728
36.512924,26.684303,18875,390.9,98.1,-2048
36.510036,26.709634,18500,387.9,98.2,-1920
36.507065,26.735172,18125,384.9,98.2,-1920
36.505051,26.752281,17900,383.0,98.3,-1472
36.503798,26.762754,17800,381.0,98.3,-1024
36.501051,26.786187,17650,371.8,98.2,-640
36.498165,26.81114,17525,362.7,98.2,-640
36.494953,26.838548,17400,352.7,98.3,-576
36.493973,26.846752,17325,349.7,98.4,-896
36.493416,26.851404,17300,347.8,98.4,-1344
36.491547,26.867123,17100,345.8,98.5,-1664
36.491229,26.86987,17050,344.8,98.5,-1984
36.488622,26.89085,16675,343.1,98.9,-1984
36.487564,26.899052,16550,342.3,99.1,-1536
36.484451,26.923313,16225,340.2,99.0,-1792
36.481499,26.946541,15875,339.2,99.0,-1600
36.478473,26.970442,15550,337.0,98.9,-1600
36.47554,26.994109,15225,335.9,98.7,-1472
36.472608,27.01766,14900,334.9,98.8,-1472
36.469535,27.042554,14575,332.9,98.8,-1536
36.466461,27.067394,14250,330.8,98.7,-1472
36.46339,27.092344,13925,328.7,98.6,-1472
36.460602,27.115517,13600,328.5,98.4,-1792
36.457897,27.138393,13250,328.5,98.4,-1408
36.454825,27.163813,12950,324.6,98.5,-1472
36.454422,27.167416,12900,324.6,98.5,-1792
36.451904,27.188129,12525,321.6,98.6,-1600
36.449192,27.210622,12150,318.5,98.5,-1984
36.447749,27.222426,11950,316.5,98.5,-1728
36.446136,27.235565,11750,314.5,98.6,-1728
36.444717,27.247295,11550,312.7,98.8,-1856
36.443233,27.258716,11350,311.9,99.0,-1792
36.441697,27.270755,11150,309.7,98.9,-1856
36.440347,27.281332,10950,308.8,98.9,-1920
36.438995,27.292385,10750,307.8,99.0,-1984
36.437647,27.30272,10550,307.8,99.0,-2112
36.436483,27.311836,10350,306.9,99.2,-2176
36.43518,27.321479,10150,308.1,99.3,-2112
36.43369,27.332874,9950,307.1,99.4,-1664
36.431968,27.345438,9750,304.3,99.7,-1792
36.430527,27.355843,9550,303.3,99.7,-1856
36.428925,27.367344,9350,302.5,99.9,-1792
36.427368,27.378445,9150,300.5,100.0,-1856
36.425766,27.390003,8950,299.4,99.8,-1728
36.42453,27.398872,8825,298.4,99.8,-1280
36.42275,27.41159,8650,297.2,99.7,-1472
36.421051,27.423992,8450,297.2,99.7,-1472
36.419083,27.43824,8275,295.3,99.8,-1280
36.417297,27.451115,8100,294.1,99.6,-1280
36.415395,27.465411,7925,292.0,99.5,-1216
36.413626,27.478969,7750,290.7,99.1,-1408
36.412136,27.49089,7575,289.4,98.8,-1344
36.410614,27.503586,7400,287.9,98.2,-1408
36.409203,27.516018,7200,287.8,98.0,-1792
36.407993,27.526362,7025,288.9,98.2,-1600
36.407272,27.532768,6925,287.9,98.2,-1216
36.406131,27.542316,6825,286.0,98.2,-832
36.404938,27.552967,6725,282.8,98.1,-1024
36.403897,27.561775,6625,281.9,98.2,-1280
36.403059,27.569197,6525,280.7,98.0,-1280
36.402237,27.576427,6425,279.7,98.0,-1280
36.401336,27.584449,6325,278.7,98.0,-1216
36.400405,27.592689,6225,277.8,98.1,-1152
36.399428,27.601104,6125,275.8,98.1,-1088
36.398529,27.608929,6025,274.8,98.2,-1216
36.397659,27.61631,5925,273.8,98.2,-1408
36.396867,27.622785,5825,272.9,98.4,-1664
36.396262,27.627986,5725,272.9,98.4,-1856
36.395599,27.633247,5625,272.1,98.7,-1728
36.394867,27.639256,5525,271.1,98.7,-1600
36.39418,27.644863,5425,270.1,98.7,-1664
36.393608,27.649432,5350,270.1,98.7,-1792
36.393082,27.65379,5250,269.1,98.8,-1856
36.392491,27.658432,5150,269.1,98.8,-1920
36.391933,27.663282,5050,269.0,98.6,-1920
36.391251,27.668781,4950,268.8,98.3,-1920
36.390722,27.673275,4850,268.8,98.3,-1984
36.390244,27.677593,4750,268.7,98.1,-1920
36.389605,27.682976,4650,268.6,97.9,-1664
36.388962,27.689152,4550,267.4,97.7,-1280
36.388534,27.692793,4500,266.6,98.0,-832
36.38736,27.704086,4400,263.0,97.0,-1280
36.386765,27.7105,4300,260.7,96.6,-1408
36.386353,27.714844,4250,259.7,96.6,-960
36.385941,27.719421,4200,257.6,96.5,-512
36.385345,27.726002,4175,253.6,96.3,-384
36.384888,27.731323,4150,249.5,96.2,-448
36.384384,27.737217,4125,245.4,96.1,-448
36.383693,27.744628,4075,240.4,96.2,-384
36.383088,27.751815,4050,236.4,96.3,-128
36.382529,27.758536,4025,232.2,95.9,-320
36.381363,27.772064,3975,227.4,96.3,-448
36.380388,27.783021,3900,226.3,96.1,-512
36.379457,27.794358,3825,224.2,95.9,-512
36.378572,27.805286,3750,222.2,95.9,-576
36.377595,27.816506,3650,222.3,96.2,-512
36.376602,27.827454,3575,222.3,96.2,-576
36.375687,27.837868,3500,221.3,96.2,-576
36.374708,27.848764,3425,217.3,96.3,-512
36.374336,27.852738,3400,216.2,96.1,-960
36.37387,27.858114,3300,212.4,96.5,-1152
36.373215,27.864761,3200,210.5,96.8,-1152
36.37262,27.870884,3100,206.5,96.9,-1024
36.371979,27.877064,3000,203.5,97.1,-1152
36.371543,27.881898,2950,202.4,96.8,-704
36.370705,27.890547,2875,197.3,96.7,-576
36.370146,27.896742,2775,195.4,96.8,-1024
36.369461,27.903099,2675,193.5,97.1,-1152
36.368454,27.914829,2475,194.0,95.9,-1088
36.368179,27.918205,2400,192.9,95.7,-1344
36.366515,27.941739,2050,179.9,95.7,-1152
36.366329,27.946998,1950,178.1,91.9,-896
36.366934,27.952374,1875,176.9,79.6,-832
36.368134,27.957172,1800,176.5,72.2,-832
36.36969,27.962379,1700,176.5,72.2,-832
36.370148,27.963696,1675,176.5,72.2,-832
36.374522,27.978613,1450,176.2,70.4,-768
36.37536,27.981418,1400,176.9,69.8,-960
36.376282,27.984524,1325,176.9,69.8,-960
36.380574,27.998891,1100,169.9,69.3,-832
36.382715,28.006429,1000,169.9,69.3,-832
36.385927,28.017825,850,150.8,71.4,-1024
36.386261,28.019085,825,150.5,71.8,-1152
36.389884,28.032727,550,151.2,72.3,-960
36.390769,28.036057,475,151.2,72.3,-960
36.392538,28.042603,375,149.9,71.3,-832
36.394353,28.048855,275,149.9,71.3,-832
36.396495,28.055926,175,149.3,69.6,-704
36.398758,28.06366,50,151.2,69.9,-832
36.399719,28.066921,0,151.8,70.4,-640
36.401184,28.071899,-100,148.4,69.5,-960
36.401429,28.072698,-100,148.4,69.5,-960
36.401522,28.073107,-125,152.8,70.5,-192
36.402547,28.076613,-125,149.9,70.1,0
36.402872,28.077665,-150,143.6,70.1,-64
36.403431,28.079477,-175,134.1,69.9,-64
36.403617,28.080178,-175,129.7,70.2,-128
36.403793,28.080769,-175,125.6,70.0,-128
36.404022,28.081627,-150,121.5,69.8,-128
36.404222,28.082223,-150,117.0,70.0,-64
36.404388,28.082829,-150,113.9,70.0,-128
36.40448,28.083172,-150,109.4,70.2,-128
36.404828,28.084327,-150,105.0,70.5,-64
36.404949,28.084745,-175,97.0,70.3,-128
36.405084,28.085189,-175,93.0,70.3,-128
36.405165,28.085467,-175,87.0,70.3,-128
36.405293,28.085918,-175,83.0,70.3,-128
36.405409,28.086314,-175,79.0,70.3,-128
36.405689,28.087234,-175,69.5,70.3,-128
36.405747,28.08741,-175,64.5,70.3,-128
36.405842,28.087749,-175,59.5,70.3,-128
36.405968,28.08817,-175,55.5,70.3,-128
36.406003,28.088316,-175,50.5,70.3,-128
36.406105,28.088679,-175,46.5,70.3,-128
36.406242,28.089108,-175,39.5,70.3,-128
36.406288,28.089294,-175,35.5,70.3,-128
36.406357,28.089523,-175,32.5,70.3,-128
36.406399,28.089674,-175,29.5,70.3,-128
36.406422,28.089747,-175,27.5,70.3,-128
36.406471,28.089924,-175,22.5,70.3,-128
36.406631,28.09051,-175,18.5,70.3,-128
36.406689,28.090754,-175,16.5,73.1,-128
36.406712,28.090925,-175,16.5,81.6,-128
36.406712,28.09104,-175,14.8,90.0,-128
36.406701,28.091121,-175,14.2,95.6,-128
36.406666,28.09124,-175,13.8,109.7,-128
36.406608,28.091311,-175,12.2,120.9,-128
36.404537,28.090332,-175,4.8,205.3,0
36.404281,28.090186,-175,6.8,205.3,0
36.404102,28.090081,-175,6.8,202.5,0
36.404013,28.090069,-175,6.2,191.2,0
36.40399,28.090069,-175,6.2,185.6,0
36.403942,28.090081,-175,5.8,177.2,0
36.403908,28.090098,-175,5.8,171.6,0
36.403839,28.090124,-175,5.2,165.9,0
36.403736,28.090167,-175,5.2,163.1,0
36.403582,28.090229,-175,5.2,160.3,0
36.403336,28.090353,-175,1.9,160.3,0
36.402191,28.075275,-75,95.9,69.9,0
36.402512,28.076363,-75,105.3,70.0,64
36.402924,28.077793,-75,109.4,70.2,64
36.403012,28.078133,-75,118.0,70.2,0
36.403384,28.079477,-75,126.5,70.1,0
36.403748,28.080654,-75,130.6,70.3,0
36.403976,28.081341,-75,135.1,70.1,128
36.404176,28.082048,-75,138.2,70.1,64
36.404434,28.082943,-75,146.8,70.1,128
36.404984,28.084831,-75,150.3,69.8,384
36.405121,28.085175,-75,153.4,69.8,704
36.405386,28.08608,-50,158.2,69.3,1152
36.405898,28.087717,0,159.5,69.1,1536
36.406131,28.088535,25,160.8,68.9,1792
36.406265,28.088951,50,160.8,68.9,2112
36.406586,28.089924,75,162.1,68.7,2624
36.407776,28.0937,300,160.3,68.4,3136
36.4086,28.096218,450,160.3,68.4,3200
36.40892,28.097363,525,159.9,68.7,3200
36.409622,28.099521,650,158.6,68.9,3264
36.409902,28.100456,725,158.6,68.9,3264
36.410477,28.102169,825,158.6,68.9,3264
36.411112,28.10367,925,160.1,64.1,2880
36.411896,28.105431,1000,162.0,61.2,2240
36.41272,28.107033,1075,164.5,59.7,2048
36.413681,28.108635,1125,167.2,56.2,1856
36.414185,28.109397,1175,171.0,52.1,1408
36.416047,28.111735,1225,178.9,46.1,1024
36.417723,28.113546,1275,184.8,42.2,1024
36.418793,28.11454,1300,190.1,38.4,896
36.421307,28.116585,1375,198.3,33.7,1472
36.422745,28.117676,1425,201.7,32.0,1920
36.424393,28.118935,1500,205.1,31.4,2112
36.426727,28.120651,1600,209.1,31.1,1856
36.428329,28.121853,1650,211.8,31.3,1472
36.430757,28.123773,1700,215.8,32.5,1024
36.432526,28.125292,1750,220.2,34.3,1280
36.435699,28.128376,1850,224.5,39.6,1664
36.437926,28.131136,1925,227.0,45.2,1728
36.439975,28.134175,2025,230.0,49.9,2048
36.44165,28.136845,2125,232.0,52.9,2368
36.443047,28.139259,2225,233.7,54.4,2688
36.444444,28.141889,2325,233.8,55.6,2880
36.445747,28.144226,2425,235.2,56.5,2816
36.447004,28.146622,2525,235.5,56.8,2816
36.448261,28.149018,2625,236.9,56.7,2944
36.449378,28.151063,2700,236.9,56.7,3200
36.450302,28.152866,2800,237.4,56.5,3328
36.451492,28.155098,2900,237.4,56.5,3456
36.452591,28.157158,3000,238.0,56.3,3584
36.453506,28.158875,3100,238.0,56.3,3648
36.454406,28.16053,3200,236.6,56.4,3712
36.455616,28.162751,3325,236.6,56.4,3840
36.45664,28.164621,3425,235.7,56.2,3968
36.457525,28.166199,3525,235.7,56.2,3968
36.458502,28.168069,3625,234.9,56.1,3840
36.459412,28.169689,3725,234.6,55.8,3712
36.460281,28.171291,3800,234.6,55.8,3584
36.461342,28.173211,3900,234.6,55.8,3328
36.462296,28.174953,4000,234.6,55.8,3200
36.463576,28.177302,4100,234.9,56.1,3008
36.464859,28.179703,4200,236.6,56.4,2816
36.46609,28.182035,4300,237.4,56.5,2752
36.467102,28.183937,4375,238.2,56.6,2688
36.468325,28.186184,4475,239.6,56.6,2816
36.469528,28.188457,4575,240.5,56.7,3008
36.470627,28.190517,4650,240.5,56.7,3328
36.471258,28.191736,4725,239.6,56.6,3520
36.472275,28.193607,4825,240.2,56.4,3712
36.473166,28.195242,4900,239.4,56.2,3840
36.47406,28.196869,5000,239.1,55.9,4096
36.474982,28.198515,5100,238.3,55.8,4224
36.475891,28.200188,5225,236.6,55.5,4288
36.476797,28.201787,5325,235.2,55.6,4224
36.478088,28.204136,5450,234.4,55.4,4032
36.478729,28.20528,5525,234.4,55.4,3904
36.47959,28.206872,5625,234.4,55.4,3776
36.48056,28.208599,5725,233.6,55.3,3648
36.481639,28.210553,5825,233.6,55.3,3392
36.482849,28.212657,5925,233.6,55.3,3136
36.484059,28.214819,6025,235.0,55.2,2944
36.485316,28.217098,6125,235.8,55.4,2816
36.48676,28.219669,6225,236.4,55.2,2880
36.488113,28.222046,6325,236.9,55.0,3008
36.488754,28.22319,6375,236.9,55.0,3072
36.489692,28.224812,6475,237.5,54.8,3136
36.490906,28.22691,6575,237.3,54.4,3200
36.492206,28.229136,6675,237.3,54.4,3136
36.493556,28.231474,6775,237.8,54.2,2944
36.494797,28.233662,6875,238.7,54.4,2688
36.49649,28.23658,6975,239.5,54.5,2560
36.49942,28.24173,7175,241.9,54.9,2752
36.502075,28.246422,7375,243.3,54.9,2752
36.504961,28.251518,7575,245.5,55.0,2496
36.507935,28.256779,7775,247.2,55.2,2560
36.511106,28.262797,7975,248.4,58.2,2496
36.512736,28.266829,8100,250.0,63.6,2496
36.514086,28.271153,8250,251.9,69.6,2624
36.514877,28.274718,8350,252.0,75.5,2816
36.515389,28.278516,8475,252.7,81.6,2816
36.515671,28.282757,8625,253.3,87.3,2752
36.515575,28.287633,8775,255.3,92.9,2432
36.51511,28.292074,8875,256.8,98.5,2368
36.51416,28.296947,9025,258.1,104.4,2560
36.513245,28.300209,9125,258.8,110.1,2752
36.511991,28.303878,9250,259.9,115.8,2752
36.509903,28.308392,9400,260.7,121.2,2624
36.507477,28.312569,9550,260.8,126.7,2624
36.505142,28.31583,9700,261.2,132.4,2752
36.502494,28.318897,9825,262.0,138.1,2816
36.499282,28.321877,9975,261.8,143.7,2624
36.496442,28.32404,10100,262.8,150.6,2368
36.493137,28.326085,10200,263.4,154.1,2240
36.489646,28.327721,10325,264.9,159.4,2240
36.486713,28.328773,10425,265.1,164.9,2304
36.482477,28.329766,10550,265.8,170.2,2304
36.478334,28.330234,10675,266.5,176.3,2304
36.473259,28.330292,10825,268.0,180.4,2240
36.467514,28.330078,11025,270.2,181.9,2496
36.461482,28.329766,11225,271.2,182.3,2688
36.457757,28.329591,11350,272.2,182.3,2304
36.455244,28.329416,11425,273.3,182.5,1920
36.452869,28.329241,11475,275.5,183.3,1536
36.450897,28.329048,11525,276.7,183.9,1216
36.448447,28.328656,11550,278.5,186.0,832
36.444534,28.327732,11575,284.8,192.6,704
36.44044,28.32626,11625,288.1,198.0,960
36.43653,28.32439,11700,290.3,203.1,1152
36.432666,28.321936,11750,293.1,208.3,1152
36.429966,28.319832,11800,295.0,211.7,1344
36.426819,28.316975,11875,297.8,216.9,1728
36.424393,28.3144,11950,298.7,222.3,2176
36.421773,28.311183,12050,299.1,225.9,2624
36.419073,28.307093,12200,299.4,231.1,2944
36.416698,28.302768,12350,299.8,236.1,3072
36.414459,28.298092,12500,299.4,239.5,3200
36.411163,28.29031,12775,300.6,242.7,3328
36.404734,28.274484,13325,302.3,243.3,3264
36.4021,28.268108,13550,302.3,243.3,3264
36.397193,28.255959,13925,303.2,243.4,2944
36.393283,28.246434,14225,304.6,243.3,2752
36.389372,28.236792,14525,308.1,243.2,2944
36.38602,28.228669,14775,309.5,243.1,2944
36.380527,28.215287,15175,313.1,243.0,2752
36.375275,28.202534,15550,314.9,242.8,2816
36.367167,28.18297,16125,317.1,242.8,2816
36.36186,28.170056,16500,320.7,243.1,2880
36.35753,28.159478,16800,322.0,243.0,3008
36.35202,28.146114,17200,323.3,243.0,2688
36.351288,28.144398,17250,323.3,243.0,2432
36.350268,28.14183,17300,324.2,243.0,2176
36.349524,28.140077,17325,325.6,243.0,1856
36.346963,28.133824,17425,327.8,243.0,1088
36.346032,28.131603,17450,330.1,243.0,768
36.341537,28.120708,17500,338.1,242.9,512
36.337141,28.109981,17600,345.3,243.1,896
36.334161,28.102735,17650,354.2,243.1,704
36.328949,28.089924,17725,363.6,243.4,768
36.327039,28.085145,17775,366.7,243.4,1408
36.324234,28.078308,17900,368.1,243.4,1728
36.32378,28.077139,17925,369.8,243.5,2240
36.318008,28.062,18200,373.9,246.2,1984
36.316223,28.056335,18275,375.1,248.9,2048
36.313934,28.045807,18500,376.0,251.7,2240
36.313632,28.044005,18525,375.6,259.3,3008
36.312654,28.034947,18750,375.4,263.6,3392
36.312195,28.025379,19000,375.3,267.6,3200
36.312286,28.017654,19175,375.1,271.4,3008
36.31284,28.008767,19375,375.5,275.2,2944
36.31398,27.999344,19600,376.5,278.9,2944
36.315811,27.988472,19850,377.4,282.1,3072
36.318054,27.975165,20150,377.9,281.8,2624
36.321359,27.955063,20550,380.5,281.4,2560
36.324371,27.936287,20950,381.1,281.0,2624
36.327504,27.916084,21325,382.8,280.8,2304
36.331238,27.891827,21725,385.8,280.8,1984
36.3349,27.867737,22075,387.6,280.6,2048
36.335558,27.863198,22150,387.6,280.6,1792
36.336908,27.854316,22250,387.6,280.6,1408
36.337967,27.847424,22300,388.5,280.5,896
36.34346,27.810345,22550,391.3,280.3,896
36.345108,27.799358,22650,392.3,280.3,1344
36.346252,27.791576,22725,392.3,280.3,1792
36.347397,27.783623,22850,392.3,280.3,2048
36.348404,27.776814,22975,393.3,280.2,2496
36.351432,27.756081,23375,393.3,280.2,2496
36.354675,27.733669,23775,394.3,280.2,2560
36.35632,27.722304,23975,395.2,280.2,2112
36.359765,27.698462,24350,398.2,280.1,2432
36.361267,27.688179,24525,399.2,280.1,1984
36.365072,27.661996,24900,402.3,280.2,2112
36.368866,27.635536,25300,405.3,280.1,2048
36.372711,27.609272,25675,407.4,280.2,1920
36.376419,27.583752,26050,410.5,280.2,1920
36.380356,27.556915,26425,412.5,280.2,1856
36.384298,27.529576,26800,415.5,280.1,1856
36.388302,27.502169,27150,417.6,280.2,1856
36.392305,27.474469,27500,419.6,280.2,1728
36.39624,27.447281,27850,422.5,280.1,1856
36.400543,27.417641,28200,424.7,280.2,1792
36.404828,27.388156,28550,427.8,280.2,1600
36.409286,27.357273,28900,429.8,280.2,1664
36.413773,27.326202,29225,432.7,280.1,1536
36.418188,27.295532,29550,435.7,280.0,1472
36.422241,27.267208,29850,437.6,280.0,1920
36.426102,27.240075,30250,435.7,280.0,2368
36.429565,27.218742,30600,435.1,282.3,2624
36.432724,27.203465,30900,433.7,285.0,2752
36.436902,27.18637,31225,432.0,287.5,2560
36.441464,27.170066,31500,430.5,289.8,2496
36.446869,27.153168,31800,429.7,292.1,2368
36.452362,27.137947,32075,428.7,294.5,2240
36.461426,27.114429,32450,427.6,295.5,2112
36.470627,27.090626,32825,425.8,295.6,1984
36.480286,27.065563,33175,424.5,295.5,1856
36.490173,27.039928,33550,423.6,295.6,1792
36.50029,27.013721,33900,422.2,295.5,1728
36.51059,26.986942,34250,421.8,295.4,1728
36.520836,26.960157,34600,420.9,295.5,1664
36.53131,26.932867,34925,420.5,295.4,1344
36.53941,26.911712,35100,420.5,295.4,896
36.55454,26.872266,35325,420.5,295.4,768
36.568634,26.835308,35575,421.4,295.3,832
36.583169,26.796998,35825,421.9,295.1,896
36.595738,26.763923,35975,420.0,295.2,448
36.605072,26.739349,36025,417.8,295.2,0
36.621389,26.696251,36000,418.7,295.2,0
36.637449,26.653767,36000,419.6,295.1,0
36.653961,26.610203,36000,420.0,295.2,0
36.67012,26.567574,36000,421.0,295.2,0
36.686325,26.524715,36000,421.0,295.2,64
36.702157,26.482836,36000,421.9,295.1,0
36.718597,26.439171,36000,421.9,295.1,0
36.735077,26.395283,36000,422.3,294.9,0
36.750916,26.35294,36000,423.7,295.0,-64
36.767258,26.309452,36000,423.7,295.0,0
36.783783,26.26545,36000,424.1,295.1,64
36.800354,26.221275,36000,424.6,294.9,0
36.816768,26.17744,36000,425.0,295.1,0
36.833542,26.132698,36000,424.6,294.9,0
36.849588,26.089607,36000,424.2,294.8,0
36.865834,26.045897,36000,424.2,294.8,0
36.881927,26.00236,36000,422.8,294.8,0
36.897909,25.959081,36000,422.8,294.8,0
36.912899,25.918718,36000,421.9,294.8,0
36.928494,25.876624,36000,421.9,294.8,0
36.94474,25.832798,36000,421.9,294.8,0
36.960335,25.790644,36000,421.5,294.7,0
36.975952,25.748213,36000,421.5,294.7,0
36.991851,25.705142,36000,422.4,294.6,64
37.007958,25.661137,36000,422.0,294.5,64
37.023926,25.61755,36000,422.0,294.5,0
37.039847,25.574202,36000,421.1,294.6,0
37.055814,25.530674,36000,421.5,294.7,0
37.071762,25.487229,36000,420.7,294.4,-64
37.087795,25.443201,36000,419.8,294.5,64
37.10367,25.399794,36000,419.8,294.5,0
37.119777,25.355609,36000,419.3,294.4,0
37.135418,25.312261,36000,419.8,294.2,0
37.151246,25.268316,36000,418.9,294.2,0
37.16712,25.22449,36000,418.4,294.4,0
37.183041,25.180724,36000,418.4,294.4,0
37.199009,25.136778,36000,418.4,294.4,0
37.214604,25.093609,36000,418.0,294.3,0
37.23024,25.050172,36000,416.7,294.2,0
37.246027,25.006077,36000,416.3,294.1,0
37.261715,24.962311,36000,416.3,294.1,0
37.277356,24.918664,36000,416.7,294.2,0
37.293045,24.874858,36000,416.3,294.1,0
37.308453,24.831609,36000,416.3,294.1,0
37.324141,24.787783,36000,416.3,294.1,0
37.339783,24.743838,36000,416.3,294.1,0
37.355192,24.700669,36000,416.3,294.1,0
37.370693,24.657082,36000,416.3,294.1,0
37.386056,24.613674,36000,416.8,293.9,0
37.401672,24.569696,36000,415.9,294.0,64
37.417236,24.525809,36000,415.9,294.0,-64
37.432934,24.48154,36000,414.6,293.9,64
37.448343,24.437952,36000,414.6,293.9,0
37.463791,24.39409,36000,414.2,293.8,0
37.478834,24.351256,36000,414.2,293.8,-64
37.493917,24.308385,36000,414.2,293.8,0
37.509093,24.265097,36000,412.8,293.7,0
37.524269,24.221689,36000,413.8,293.6,0
37.539459,24.178278,36000,412.8,293.7,0
37.554474,24.135327,36000,412.8,293.7,0
37.569443,24.092375,36000,413.8,293.6,0
37.584412,24.049481,36000,413.8,293.6,0
37.599591,24.005843,36000,414.7,293.6,0
37.614581,23.962853,36000,415.6,293.5,0
37.629593,23.919574,36000,416.0,293.7,64
37.644979,23.875321,36000,416.0,293.7,0
37.659922,23.832152,36000,416.5,293.5,0
37.674819,23.788863,36000,417.4,293.4,0
37.689972,23.744728,36000,417.4,293.4,0
37.705032,23.700913,36000,417.4,293.4,0
37.720394,23.656132,36000,418.3,293.4,0
37.735703,23.611606,36000,418.3,293.4,0
37.750992,23.567135,36000,419.7,293.5,0
37.766281,23.522605,36000,419.3,293.3,0
37.781517,23.477962,36000,419.3,293.3,0
37.78971,23.454975,36000,421.0,295.2,0
37.795898,23.439623,36000,421.8,297.8,0
37.802605,23.424762,36000,423.5,300.2,0
37.810089,23.409761,36000,424.7,302.8,0
37.822449,23.386971,36000,425.8,304.5,0
37.844421,23.34659,36000,425.8,304.5,0
37.866568,23.305823,36000,425.8,304.5,0
37.88882,23.265043,36000,425.8,304.5,0
37.911118,23.224142,36000,425.2,304.4,0
37.932765,23.184138,36000,425.2,304.4,0
37.954645,23.143596,36000,425.5,304.2,0
37.97644,23.103021,36000,424.1,304.1,64
37.998124,23.06281,36000,424.6,304.2,0
38.020065,23.022201,36000,423.8,304.3,0
38.04213,22.981412,36000,423.8,304.3,0
38.064011,22.940797,36000,423.3,304.2,0
38.085617,22.900533,36000,424.1,304.1,0
38.106812,22.860796,36000,422.7,304.1,0
38.12861,22.819977,36000,422.7,304.1,0
38.150345,22.779567,36000,422.4,304.3,0
38.171677,22.739829,36000,421.3,304.1,0
38.193132,22.699605,36000,421.3,304.1,0
38.21489,22.658776,36000,421.3,304.1,0
38.236798,22.617566,36000,421.6,303.9,0
38.258026,22.577621,36000,420.7,304.0,0
38.279253,22.537497,36000,420.2,303.8,0
38.300667,22.497074,36000,420.2,303.8,0
38.321849,22.45701,36000,420.2,303.8,0
38.343475,22.416025,36000,419.4,303.9,0
38.36463,22.376046,36000,419.4,303.9,0
38.385956,22.335731,36000,419.4,303.9,0
38.407412,22.295141,36000,419.4,303.9,0
38.429123,22.254002,36000,418.8,303.8,0
38.45018,22.213758,36000,419.1,303.6,0
38.470871,22.174112,36000,419.1,303.6,0
38.49234,22.133033,36000,419.1,303.6,0
38.513551,22.09259,36000,419.6,303.7,0
38.534683,22.052307,36000,419.6,303.7,64
38.555634,22.012268,36000,419.6,303.7,-64
38.576722,21.971985,36000,419.6,303.7,0
38.5979,21.931577,36000,420.5,303.6,0
38.619049,21.891035,36000,420.7,303.5,0
38.640015,21.850612,36000,420.7,303.5,0
38.661346,21.809473,36000,421.6,303.4,0
38.68222,21.768991,36000,422.4,303.3,0
38.703186,21.728509,36000,422.1,303.5,0
38.724289,21.687788,36000,423.0,303.4,0
38.745392,21.647007,36000,423.0,303.4,0
38.766861,21.60539,36000,423.0,303.4,0
38.788162,21.564148,36000,423.8,303.4,0
38.809296,21.523172,36000,423.8,303.4,0
38.830944,21.481262,36000,423.8,303.4,0
38.852405,21.439514,36000,423.2,303.2,0
38.873108,21.398979,36000,423.5,303.0,0
38.893982,21.357959,36000,423.5,303.0,0
38.915297,21.316162,36000,424.1,303.2,0
38.936664,21.274292,36000,424.1,303.2,0
38.958171,21.232178,36000,424.9,303.1,0
38.979027,21.191223,36000,424.9,303.1,0
38.999603,21.150879,36000,426.3,303.1,0
39.02125,21.108337,36000,426.3,303.1,0
39.042431,21.066528,36000,425.8,303.0,0
39.063858,21.02413,36000,425.2,302.9,0
39.085119,20.982056,36000,425.8,303.0,0
39.106533,20.939636,36000,425.2,302.9,0
39.127441,20.898265,36000,425.2,302.9,0
39.148636,20.856171,36000,426.1,302.8,0
39.169844,20.813904,36000,426.1,302.8,0
39.191025,20.771743,36000,426.1,302.8,0
39.212067,20.729736,36000,425.5,302.7,0
39.23291,20.688032,36000,425.5,302.7,0
39.253731,20.646484,36000,424.7,302.8,0
39.274726,20.604675,36000,425.2,302.9,0
39.295486,20.563361,36000,425.2,302.9,0
39.316223,20.521983,36000,424.7,302.8,0
39.337153,20.480103,36000,424.1,302.7,-64
39.358109,20.438033,36000,423.6,302.6,0
39.379257,20.395103,36000,423.4,302.3,0
39.400092,20.353088,36000,424.1,302.7,0
39.420822,20.311452,36000,424.1,302.7,0
39.441742,20.269298,36000,424.4,302.5,0
39.462798,20.226379,36000,424.7,302.3,64
39.483513,20.184387,36000,425.3,302.4,-64
39.504555,20.141785,36000,425.3,302.4,0
39.525783,20.098633,36000,426.1,302.4,0
39.546707,20.055841,36000,425.6,302.2,64
39.567494,20.013489,36000,426.1,302.4,-64
39.588489,19.970581,36000,424.7,302.3,0
39.608963,19.928662,36000,424.7,302.3,0
39.629654,19.886508,36000,423.9,302.4,-64
39.649751,19.845459,36000,424.7,302.3,0
39.670514,19.802917,36000,424.2,302.2,64
39.691269,19.760464,36000,424.7,302.3,-128
39.71196,19.718011,36000,424.2,302.2,0
39.73233,19.675737,36000,424.0,301.9,0
39.752818,19.633179,36000,423.2,302.0,64
39.773621,19.589817,36000,422.6,301.9,0
39.794063,19.547363,36000,422.8,302.1,64
39.814779,19.504639,36000,422.8,302.1,0
39.835262,19.46228,36000,422.0,302.2,0
39.855605,19.420349,36000,421.5,302.1,0
39.875762,19.378601,36000,420.9,302.0,-64
39.895826,19.336914,36000,420.9,302.0,0
39.915573,19.295873,36000,419.5,302.0,64
39.935806,19.253662,36000,419.5,302.0,0
39.956131,19.211304,36000,419.0,301.8,0
39.976129,19.169395,36000,417.6,301.8,-128
39.99614,19.127441,36000,417.6,301.8,128
40.015512,19.086685,36000,416.3,301.7,-64
40.035187,19.045227,36025,416.3,301.7,0
40.055008,19.00354,36000,415.7,301.6,0
40.064072,18.983337,36000,414.3,299.7,0
40.082594,18.940679,36000,414.7,299.5,0
40.101308,18.897795,36000,414.9,300.1,0
40.113235,18.872192,36000,416.3,301.7,0
40.13356,18.830566,36000,416.9,302.7,-64
40.153473,18.789978,36000,416.4,302.5,0
40.173935,18.747986,36000,415.3,302.3,0
40.193573,18.707214,36000,414.2,302.1,-64
40.213592,18.66521,36000,414.0,301.8,64
40.233353,18.623657,36000,414.0,301.8,-128
40.252899,18.582397,36000,413.5,301.6,-64
40.271922,18.541988,36000,413.5,301.6,0
40.291351,18.500916,36000,413.5,301.6,0
40.311218,18.45874,36000,412.1,301.6,0
40.329926,18.419078,36000,412.7,301.7,0
40.349757,18.377193,36000,412.7,301.7,0
40.369583,18.335205,36000,412.1,301.6,0
40.389141,18.293672,36000,412.1,301.6,0
40.408813,18.251892,36000,412.1,301.6,64
40.428497,18.210022,36000,412.1,301.6,-64
40.447632,18.16925,36000,413.0,301.5,0
40.467395,18.127004,36000,413.0,301.5,0
40.487,18.085083,36000,413.8,301.5,0
40.507197,18.041798,36000,413.8,301.5,0
40.526871,17.999573,36000,413.8,301.5,0
40.546326,17.958008,36000,414.4,301.6,0
40.566193,17.915527,36000,414.2,301.3,0
40.585693,17.873474,36000,413.3,301.3,-64
40.60556,17.83075,36000,413.3,301.3,0
40.624832,17.789062,36000,414.2,301.3,0
40.644516,17.746521,36000,414.2,301.3,0
40.664566,17.703064,36000,414.2,301.3,0
40.684189,17.660585,36000,414.2,301.3,-64
40.703979,17.617676,36000,415.0,301.2,64
40.72292,17.576502,36000,415.9,301.1,0
40.742615,17.533569,36000,415.9,301.1,0
40.762207,17.490784,36000,417.3,301.2,0
40.781296,17.449158,36000,416.7,301.1,0
40.801254,17.405579,36000,416.7,301.1,-64
40.820866,17.362581,36000,416.7,301.1,0
40.840418,17.319884,36000,415.9,301.1,-64
40.860123,17.276794,36000,414.5,301.1,0
40.879715,17.233826,36000,414.0,301.0,0
40.899353,17.19043,36000,413.0,300.7,-64
40.918442,17.148254,36000,413.0,300.7,0
40.937293,17.106524,36000,413.5,300.8,64
40.956752,17.063515,36000,413.5,300.8,0
40.976025,17.020881,36000,413.0,300.7,64
40.994925,16.979058,36000,412.1,300.8,0
41.014526,16.935486,36000,411.6,300.7,0
41.033842,16.892666,36000,411.3,300.9,0
41.052975,16.850218,36000,410.2,300.6,64
41.071969,16.807709,36000,408.9,300.6,0
41.090927,16.765198,36000,408.9,300.6,0
41.10965,16.723511,36000,407.5,300.5,64
41.128576,16.680991,36000,407.0,300.4,64
41.147507,16.638611,36000,406.6,300.6,0
41.16655,16.595764,36000,406.1,300.5,64
41.185181,16.554016,36000,405.8,300.7,-128
41.203903,16.512024,36000,405.3,300.5,64
41.221848,16.471741,36000,403.9,300.5,0
41.240069,16.43074,36000,404.8,300.4,0
41.258148,16.389893,36000,404.2,300.3,0
41.276825,16.347473,36000,404.2,300.3,0
41.294349,16.307706,36000,404.2,300.3,0
41.313263,16.264771,36000,402.9,300.3,64
41.331823,16.222624,36000,402.9,300.3,64
41.349197,16.183044,36000,401.5,300.2,-64
41.366831,16.142786,36000,400.7,300.3,0
41.384614,16.102212,36000,400.1,300.1,64
41.403328,16.059521,36000,400.1,300.1,0
41.421112,16.01894,36000,400.1,300.1,-64
41.439126,15.977634,36000,398.8,300.1,64
41.457887,15.934775,36000,398.8,300.1,0
41.475949,15.893193,36000,399.6,300.0,0
41.493988,15.851836,36000,399.6,300.0,64
41.510677,15.812903,36000,397.9,299.0,64
41.523805,15.780136,36000,396.8,297.8,-64
41.540145,15.738298,36000,396.7,297.5,0
41.557068,15.695031,36000,397.2,297.6,0
41.573616,15.65309,36000,396.8,297.8,0
41.59084,15.609784,36000,396.4,298.0,0
41.607651,15.567502,36000,395.5,298.1,-64
41.624268,15.526054,36000,395.5,298.1,0
41.641251,15.483544,36000,395.0,297.9,-64
41.658325,15.440473,36000,394.5,297.8,0
41.674622,15.399274,36000,394.5,297.8,0
41.691393,15.356779,36025,394.1,297.7,0
41.707546,15.315644,36000,394.1,297.7,-64
41.724243,15.273243,36000,390.9,297.7,0
41.740645,15.231714,36000,387.4,297.7,0
41.756836,15.190346,36000,386.0,297.6,64
41.773045,15.148805,36000,383.3,297.5,64
41.788422,15.109634,36000,381.5,297.6,-64
41.804123,15.069622,36000,380.7,297.7,-64
41.820575,15.027764,36000,380.7,297.7,-64
41.836356,14.987459,36000,382.4,297.6,0
41.852603,14.945494,36000,384.6,297.2,0
41.868576,14.904265,36025,385.1,297.7,-64
41.884964,14.862442,36000,386.0,297.6,-64
41.901064,14.82094,36000,386.4,297.4,0
41.917637,14.778336,36000,386.4,297.4,-64
41.93335,14.737348,36000,385.1,297.0,0
41.949339,14.695491,36000,384.2,297.1,0
41.965818,14.652504,36000,383.7,297.3,0
41.981739,14.611114,36000,383.3,297.2,0
41.997567,14.570171,36000,382.0,297.4,64
42.01372,14.528269,36000,382.4,297.2,0
42.027965,14.491158,35975,383.3,297.2,-320
42.029688,14.486687,35950,384.2,297.1,-768
42.042909,14.452004,35675,387.8,297.2,-1024
42.055801,14.41837,35425,387.8,297.2,-1024
42.068573,14.384911,35150,385.5,297.2,-1024
42.082123,14.34958,34875,382.4,297.2,-960
42.095559,14.314419,34600,382.8,297.0,-1024
42.108353,14.280728,34325,382.8,297.0,-1024
42.120884,14.247671,34050,380.6,297.0,-1088
42.133392,14.21481,33775,374.8,297.0,-1088
42.14502,14.184161,33500,373.9,297.0,-1024
42.157753,14.150391,33225,374.3,296.8,-1024
42.170105,14.117744,32950,373.4,296.9,-1024
42.183243,14.082975,32700,371.6,297.0,-960
42.195228,14.051322,32425,368.1,297.0,-1088
42.207005,14.020215,32150,364.5,296.9,-1024
42.214417,14.000639,32000,362.3,296.9,-640
42.216781,13.994283,32000,361.8,296.8,-256
42.231903,13.953823,32000,362.2,296.6,64
42.246575,13.914568,32000,364.9,296.7,0
42.255844,13.890152,32000,366.8,298.0,0
42.261795,13.876357,32000,369.9,300.7,-64
42.278503,13.838217,32000,369.4,300.6,0
42.295781,13.798956,32000,368.6,300.7,-64
42.313005,13.759801,32000,368.6,300.7,0
42.329996,13.721093,32000,368.0,300.5,0
42.346619,13.683035,32000,368.9,300.5,0
42.364059,13.643022,32000,368.9,300.5,0
42.380905,13.604383,32000,368.9,300.5,0
42.398163,13.564744,32000,371.1,300.4,64
42.415283,13.525356,32000,372.0,300.4,-64
42.432365,13.485909,32000,371.5,300.2,0
42.449543,13.44618,32000,370.6,300.3,0
42.466095,13.40794,32000,370.6,300.3,-128
42.483032,13.368676,32000,369.3,300.2,64
42.49954,13.330248,32000,368.8,300.1,0
42.516438,13.290966,32000,367.9,300.2,0
42.533197,13.252067,32000,367.9,300.2,0
42.549774,13.213432,32000,368.8,300.1,0
42.566528,13.17448,32000,368.8,300.1,0
42.583427,13.13505,32000,369.6,300.0,0
42.600046,13.096214,32000,369.6,300.0,0
42.617157,13.056252,32000,371.5,300.2,0
42.634262,13.016308,32000,371.9,300.0,64
42.651489,12.97579,32000,372.7,299.9,0
42.668518,12.935715,32000,372.7,299.9,64
42.685376,12.896161,32000,373.2,300.1,0
42.702255,12.856438,32000,372.7,299.9,0
42.719173,12.816638,32000,371.4,299.9,0
42.735718,12.777474,32000,370.5,300.0,-64
42.738739,12.77042,31975,369.3,300.2,-512
42.742635,12.761642,31900,369.1,301.7,-960
42.748352,12.750258,31800,369.5,304.6,-1152
42.755585,12.737087,31675,369.6,307.3,-1152
42.771219,12.709393,31400,365.2,307.4,-1088
42.786907,12.681544,31125,365.2,307.4,-1024
42.802643,12.653441,30850,365.4,307.2,-1024
42.818888,12.624403,30575,364.0,307.2,-960
42.835419,12.594803,30300,362.6,307.1,-960
42.851521,12.56594,30050,361.2,307.1,-1024
42.867096,12.537891,29775,362.8,306.9,-960
42.883575,12.508126,29525,362.0,307.0,-960
42.899563,12.479161,29250,358.0,306.7,-1024
42.915577,12.449995,28975,355.0,306.9,-960
42.931366,12.421449,28725,352.8,306.9,-960
42.947093,12.393101,28475,350.4,307.2,-960
42.962952,12.364665,28200,349.8,307.1,-1024
42.978841,12.335946,27925,350.0,306.9,-1024
42.993805,12.308584,27650,348.6,306.8,-1024
43.0091,12.280818,27400,346.6,306.7,-960
43.024704,12.252375,27125,348.6,306.8,-960
43.040337,12.223925,26875,348.6,306.8,-1024
43.05574,12.195974,26600,349.2,307.0,-960
43.071671,12.167167,26325,348.4,307.1,-1024
43.087634,12.138258,26050,347.2,306.8,-1024
43.10289,12.110447,25775,345.8,306.8,-1024
43.118454,12.082023,25525,345.2,306.6,-1024
43.133255,12.054814,25250,343.8,306.6,-960
43.149033,12.025814,24975,341.6,306.7,-1024
43.16398,11.998509,24700,340.8,306.8,-1024
43.179382,11.970243,24425,338.8,306.6,-1024
43.193913,11.943512,24150,336.6,306.7,-1024
43.208771,11.916206,23900,333.8,306.6,-960
43.222542,11.890738,23625,326.6,306.7,-1088
43.236834,11.864515,23375,322.4,306.5,-1024
43.251068,11.838216,23100,322.4,306.5,-960
43.265324,11.811872,22850,323.2,306.4,-960
43.279221,11.786222,22575,321.6,306.7,-1024
43.293488,11.760014,22325,318.0,306.7,-1024
43.306755,11.735687,22050,316.6,306.6,-1024
43.321233,11.709006,21800,317.4,306.5,-960
43.334966,11.683437,21525,319.0,306.3,-1024
43.349025,11.657213,21275,318.4,306.2,-1024
43.362625,11.631775,21000,317.6,306.3,-960
43.376953,11.605139,20725,318.2,306.4,-1024
43.39162,11.57789,20450,319.6,306.5,-1024
43.40538,11.552507,20175,318.8,306.6,-1024
43.419877,11.525639,19925,319.6,306.5,-960
43.433624,11.500131,19650,319.0,306.3,-1024
43.447902,11.473454,19375,318.4,306.2,-1024
43.462051,11.446732,19100,318.4,306.2,-1024
43.467911,11.435298,19000,317.0,303.9,-1024
43.471969,11.426239,18900,315.4,301.1,-1088
43.474949,11.418457,18825,313.5,297.5,-1024
43.477044,11.411656,18750,310.5,291.9,-1024
43.478394,11.405916,18700,307.8,287.2,-1024
43.479355,11.399976,18650,306.2,282.5,-1024
43.480023,11.393345,18600,304.3,277.0,-1088
43.480349,11.384713,18500,303.3,272.6,-1088
43.480499,11.368806,18375,302.0,270.4,-1024
43.480535,11.340376,18100,301.0,270.0,-1024
43.480545,11.310169,17850,299.0,270.0,-1024
43.480535,11.281193,17575,299.0,269.8,-1024
43.480488,11.249804,17325,299.0,269.8,-960
43.480408,11.218766,17075,302.0,269.8,-960
43.480316,11.187659,16825,305.0,269.8,-960
43.480302,11.157859,16550,307.0,270.2,-1024
43.480256,11.125554,16275,307.0,269.6,-1024
43.479976,11.094687,16025,303.0,269.2,-896
43.479813,11.063871,15775,295.0,269.6,-1344
43.479744,11.037009,15500,290.0,270.0,-1024
43.479744,11.032628,15450,289.0,270.0,-1408
43.47979,11.009805,15100,285.0,270.2,-1728
43.479767,10.989075,14725,283.0,269.6,-1856
43.479604,10.96756,14375,280.0,269.2,-1728
43.479464,10.954415,14125,279.0,269.0,-2176
43.479231,10.934666,13725,280.0,269.0,-1984
43.478989,10.914214,13350,279.0,269.2,-2048
43.478813,10.894775,12950,280.0,269.4,-2112
43.478673,10.875026,12575,280.0,269.4,-2048
43.478577,10.855578,12200,280.0,269.6,-2112
43.478531,10.845741,12000,280.0,269.8,-2176
43.478487,10.836247,11800,281.0,269.6,-2240
43.478394,10.825718,11600,281.0,269.4,-1920
43.478302,10.815018,11400,280.0,269.4,-1920
43.478254,10.804138,11200,280.0,269.4,-1984
43.478165,10.793173,11000,280.0,269.4,-1920
43.478114,10.782623,10800,279.0,269.4,-2112
43.478021,10.772683,10600,280.0,269.6,-2176
43.477982,10.761747,10400,280.0,269.8,-1984
43.477982,10.751016,10225,280.0,269.8,-1600
43.477928,10.73822,10025,277.0,269.6,-1856
43.477881,10.728084,9825,277.0,269.2,-1920
43.477742,10.716182,9625,277.0,269.2,-1600
43.477649,10.703692,9475,275.0,269.4,-1152
43.477556,10.689109,9300,273.0,269.4,-1280
43.477432,10.675006,9125,272.0,269.2,-1472
43.477276,10.662689,8950,273.0,269.0,-1472
43.477112,10.649904,8775,273.1,268.7,-1472
43.476883,10.63681,8600,272.1,268.3,-1344
43.476562,10.623843,8425,272.2,267.9,-1536
43.476299,10.614886,8300,272.2,267.9,-1152
43.476151,10.608833,8250,272.2,267.9,-704
43.475833,10.59566,8175,268.2,267.9,-384
43.475555,10.584688,8125,264.2,268.0,-512
43.475235,10.573319,8075,260.2,268.0,-448
43.475042,10.563943,8025,256.1,268.2,-576
43.474731,10.548025,7900,252.1,268.4,-640
43.47439,10.53033,7775,248.1,268.1,-704
43.473925,10.514112,7650,244.5,266.5,-896
43.473412,10.508096,7575,243.9,262.9,-1152
43.472575,10.50208,7500,243.4,257.9,-1152
43.471069,10.494434,7400,242.9,254.5,-960
43.468338,10.481742,7250,242.0,253.4,-1088
43.465359,10.467878,7125,240.8,253.6,-768
43.462646,10.455407,7025,237.9,253.4,-896
43.460983,10.447802,6925,238.2,253.2,-1024
43.459351,10.440525,6825,237.5,252.9,-1280
43.457657,10.432924,6725,238.5,252.9,-1088
43.455816,10.424848,6625,237.5,252.9,-1152
43.454186,10.417393,6525,237.0,253.3,-1088
43.452185,10.408173,6425,237.0,253.3,-960
43.450229,10.399017,6325,235.4,253.7,-832
43.448502,10.390703,6225,235.2,253.9,-1024
43.446226,10.380053,6125,233.5,253.6,-704
43.444656,10.372754,6050,232.6,253.5,-960
43.443805,10.368805,6000,231.9,253.2,-1408
43.442551,10.363301,5900,233.4,252.8,-1280
43.440674,10.35487,5800,234.4,252.9,-832
43.439197,10.347944,5725,234.8,253.4,-1216
43.4378,10.34147,5625,237.9,253.4,-1664
43.436646,10.33641,5525,240.4,253.1,-1536
43.43524,10.330091,5425,242.9,252.8,-1088
43.433098,10.320609,5325,245.1,252.7,-896
43.431061,10.311627,5225,246.4,252.5,-1088
43.428862,10.301971,5125,248.3,252.7,-768
43.426025,10.289143,5025,248.1,253.6,-512
43.424698,10.281862,4975,248.2,257.2,-576
43.42424,10.276943,4975,247.8,263.0,-384
43.424114,10.272805,4950,247.1,268.8,-384
43.424377,10.267426,4925,246.8,274.6,-576
43.424858,10.263388,4875,247.0,280.3,-768
43.425568,10.259761,4850,246.7,284.3,-768
43.426581,10.255737,4825,246.5,290.4,-512
43.428303,10.250963,4800,245.1,296.7,-320
43.430212,10.246909,4800,242.4,302.7,-320
43.431981,10.243835,4775,241.9,308.6,-448
43.433945,10.240982,4750,240.4,314.7,-512
43.436325,10.238108,4725,239.5,318.7,-640
43.439103,10.235465,4700,238.3,324.9,-640
43.441664,10.233568,4675,237.2,331.3,-576
43.445248,10.231476,4650,235.8,335.2,-512
43.447343,10.230626,4625,234.0,341.6,-576
43.450378,10.229741,4600,231.4,348.8,-768
43.45279,10.229318,4550,231.1,352.3,-768
43.457474,10.22891,4500,230.4,356.5,-640
43.466446,10.228527,4425,228.1,358.5,-256
43.47084,10.228399,4425,225.1,358.5,128
43.474623,10.228271,4425,222.1,358.7,64
43.478347,10.228141,4425,219.1,358.4,-256
43.481232,10.228016,4375,216.1,358.4,-704
43.487704,10.227748,4275,213.1,358.4,-1088
43.49343,10.227552,4175,212.1,358.4,-1088
43.50032,10.227225,4075,209.1,358.1,-960
43.504928,10.227029,3975,208.1,358.1,-1152
43.510934,10.226767,3875,207.1,358.1,-1280
43.514332,10.226898,3800,206.0,0.8,-1344
43.516101,10.227225,3750,202.7,9.4,-1088
43.518448,10.228016,3700,199.9,15.1,-960
43.522199,10.229972,3625,198.9,18.2,-1088
43.523483,10.230826,3600,196.4,25.0,-896
43.526733,10.233318,3550,193.5,29.7,-960
43.530439,10.236577,3450,191.4,33.3,-1152
43.533698,10.239716,3350,190.3,34.9,-1280
43.537375,10.243312,3250,190.4,36.0,-1280
43.540787,10.246795,3150,190.8,36.7,-1088
43.544815,10.250947,3050,190.0,36.9,-960
43.549026,10.255354,2950,189.2,37.0,-1024
43.553375,10.259889,2850,187.6,37.4,-960
43.5573,10.263977,2750,187.6,37.4,-1024
43.561111,10.268001,2650,187.6,37.4,-1024
43.565186,10.272281,2550,187.0,37.2,-896
43.569443,10.276752,2450,186.2,37.4,-960
43.573639,10.28111,2350,185.6,37.1,-1024
43.577545,10.285119,2250,185.8,36.7,-960
43.58309,10.290854,2150,185.0,36.9,-896
43.586517,10.294317,2050,184.6,36.2,-1024
43.590683,10.298469,1950,185.4,36.0,-896
43.595306,10.303132,1850,183.6,36.8,-960
43.599848,10.307792,1750,183.6,36.8,-1024
43.603271,10.311308,1650,184.4,36.6,-1088
43.607855,10.316031,1550,184.4,36.6,-896
43.612381,10.320633,1450,184.2,37.1,-832
43.61698,10.325448,1350,183.4,37.2,-960
43.621216,10.32983,1250,182.0,37.2,-1152
43.624557,10.33328,1150,181.4,36.9,-1216
43.628632,10.337432,1050,178.6,36.8,-960
43.632706,10.341648,950,175.6,37.1,-960
43.636718,10.345851,875,171.4,36.9,-576
43.639343,10.348482,850,167.4,36.2,-640
43.643607,10.352849,750,165.8,36.7,-768
43.647583,10.356914,650,165.8,36.7,-960
43.651382,10.360827,550,164.2,37.1,-1024
43.655548,10.365153,450,162.8,37.0,-896
43.659622,10.369369,350,162.0,37.2,-832
43.664556,10.374494,250,160.0,36.9,-896
43.668466,10.378483,175,158.0,36.5,-832
43.67157,10.381697,100,156.4,36.9,-832
43.67531,10.385481,325,156.4,216.9,2688
43.674099,10.384238,400,157.2,216.7,2624
43.672897,10.382974,500,157.2,216.7,2624
43.672237,10.382276,575,156.4,216.9,3200
43.671066,10.381122,675,155.6,217.2,3264
43.670013,10.3801,775,154.0,215.8,3072
43.669144,10.37927,850,153.9,214.4,2944
43.668001,10.378222,950,153.9,213.1,2624
43.666278,10.376718,1050,155.4,211.9,2368
43.664696,10.37541,1150,156.2,211.7,2112
43.66288,10.37384,1250,158.5,211.6,2048
43.660878,10.372205,1350,162.4,211.1,1728
43.658225,10.369982,1450,166.0,211.2,1344
43.656596,10.368609,1500,172.4,211.5,768
43.655292,10.367497,1525,176.5,211.8,768
43.654358,10.366623,1525,181.4,213.1,960
43.652481,10.364898,1575,185.0,214.2,1152
43.651108,10.363557,1625,188.9,214.9,1088
43.649643,10.362088,1650,192.3,215.3,960
43.64789,10.360369,1700,195.6,215.6,832
43.646667,10.359149,1700,199.0,216.0,768
43.644699,10.357105,1750,203.0,216.6,896
43.643421,10.355791,1775,206.2,217.3,768
43.641745,10.35396,1800,210.8,218.1,1152
43.640302,10.352391,1850,212.3,218.1,1536
43.639481,10.351484,1900,213.7,218.2,2112
43.637878,10.34976,1975,214.3,218.4,2432
43.63709,10.34886,2025,214.9,218.6,2944
43.635554,10.347159,2125,215.5,218.8,3200
43.634125,10.345544,2225,215.4,219.2,3200
43.632614,10.343756,2325,215.9,219.7,2880
43.631364,10.342255,2400,216.8,221.3,2560
43.629688,10.339966,2500,219.9,225.2,2368
43.627991,10.337304,2600,221.7,228.1,2432
43.626523,10.334276,2700,223.6,233.2,2624
43.625473,10.331556,2800,226.0,241.2,2624
43.624661,10.328783,2875,228.4,246.2,2560
43.623871,10.325424,2975,231.0,253.9,2368
43.62345,10.322178,3075,233.6,258.6,2240
43.623184,10.318589,3150,236.6,265.9,2048
43.623218,10.314135,3250,239.0,271.0,1856
43.623459,10.311052,3300,242.2,275.7,1856
43.623776,10.308576,3350,243.8,280.2,1856
43.624649,10.303834,3450,247.6,284.3,1728
43.625638,10.299486,3525,251.2,287.1,1536
43.627121,10.293551,3600,255.8,288.9,1216
43.627762,10.291251,3650,259.7,290.0,1088
43.628998,10.286716,3700,264.3,290.8,1024
43.630142,10.282756,3725,269.1,291.1,1024
43.631241,10.278796,3775,272.3,291.1,960
43.632481,10.27444,3825,276.3,291.0,960
43.633347,10.271195,3850,280.4,290.9,1024
43.634483,10.267051,3900,284.5,290.8,1024
43.636252,10.260642,3950,288.6,290.7,1024
43.637146,10.257206,4000,292.4,290.4,1024
43.638161,10.253383,4025,297.1,290.1,1088
43.639572,10.247945,4075,301.4,289.6,960
43.641129,10.241749,4125,306.1,289.3,896
43.642537,10.23625,4175,310.5,288.8,960
43.64398,10.230168,4225,315.3,288.5,1088
43.645376,10.224348,4300,319.7,288.0,1152
43.646622,10.218818,4350,324.2,287.6,1088
43.64803,10.212577,4400,328.9,287.3,960
43.649333,10.206822,4450,332.5,287.0,960
43.650916,10.199563,4500,337.3,286.7,960
43.652406,10.192566,4550,342.0,286.5,1024
43.653989,10.185242,4625,345.9,286.3,1216
43.654724,10.181771,4650,348.8,286.1,1664
43.656037,10.175367,4750,350.7,286.1,2112
43.657201,10.169874,4850,352.6,286.0,2496
43.657837,10.166633,4925,352.6,286.0,2688
43.658844,10.161906,5025,353.3,285.8,2688
43.659901,10.156599,5125,354.3,285.7,2688
43.660858,10.151942,5225,355.2,285.7,2624
43.661911,10.146704,5325,356.2,285.6,2624
43.662872,10.142105,5425,356.2,285.6,2688
43.663904,10.136915,5525,357.1,285.6,2816
43.664835,10.132403,5625,358.4,285.7,2816
43.66571,10.128245,5725,358.4,285.7,2880
43.666809,10.122816,5825,359.3,285.7,2880
43.66777,10.117961,5925,359.3,285.7,2816
43.668594,10.114001,6025,359.3,285.7,2752
43.66977,10.108337,6125,360.6,285.8,2688
43.670468,10.104675,6200,361.5,285.7,2688
43.671353,10.100425,6300,361.5,285.7,2688
43.672423,10.095324,6400,361.5,285.7,2880
43.673308,10.090942,6500,362.5,285.7,3072
43.674053,10.087346,6575,362.5,285.7,3072
43.674911,10.083022,6675,362.8,285.8,2816
43.675868,10.078387,6775,362.8,285.8,2560
43.677125,10.07237,6875,363.7,285.8,2304
43.678253,10.066798,6975,365.7,285.7,2304
43.680523,10.055629,7175,366.9,285.8,2688
43.682327,10.046805,7375,367.9,285.8,2880
43.684341,10.036992,7575,367.9,285.8,2752
43.68631,10.027452,7775,369.1,285.9,2752
43.688437,10.017242,7975,369.1,285.9,2944
43.690201,10.008737,8175,369.1,285.9,3328
43.691391,10.002988,8325,368.1,285.9,3712
43.69258,9.997232,8475,368.1,285.9,3712
43.694138,9.989702,8675,366.9,285.8,3392
43.69574,9.981909,8850,367.2,286.0,3008
43.697617,9.972967,9050,367.2,286.0,2944
43.699517,9.963684,9250,367.2,286.0,2880
43.701425,9.954594,9450,367.2,286.0,2944
43.703287,9.94557,9650,367.4,286.1,2944
43.705103,9.936938,9825,368.4,286.1,2560
43.706686,9.929352,9950,369.4,286.0,2112
43.709381,9.916439,10150,371.6,286.1,1920
43.712357,9.902259,10350,371.6,286.1,1920
43.71524,9.888334,10550,371.6,286.1,1920
43.717804,9.876006,10700,372.5,286.0,1536
43.719269,9.869044,10775,373.5,286.0,1152
43.723846,9.847135,10925,376.6,286.0,960
43.728333,9.825418,11075,377.6,286.0,960
43.733081,9.802682,11225,377.6,286.0,960
43.737084,9.783391,11375,379.8,286.0,1344
43.738815,9.775085,11475,380.8,286.0,1792
43.740715,9.76593,11600,381.7,286.0,2240
43.742624,9.75684,11750,381.7,286.0,2688
43.743622,9.752027,11850,381.7,286.0,3136
43.745697,9.741865,12100,381.7,286.0,3584
43.748611,9.727819,12500,379.8,286.0,3776
43.751038,9.716896,12775,379.5,287.5,3328
43.753418,9.708273,12975,380.7,291.6,3136
43.75631,9.699816,13175,381.9,296.4,3200
43.760193,9.690452,13400,383.7,300.4,3136
43.764271,9.682225,13625,385.1,305.4,3008
43.769764,9.672808,13850,386.5,308.4,2944
43.774109,9.666244,14025,389.1,313.1,2624
43.77968,9.658944,14200,391.2,316.8,2432
43.786011,9.651617,14400,394.5,320.9,2560
43.798487,9.638214,14800,396.9,322.1,2880
43.808121,9.627728,15100,398.1,321.8,2432
43.822647,9.611925,15500,401.5,321.7,2752
43.834797,9.59865,15900,402.9,321.6,2752
43.848624,9.583479,16300,406.4,321.5,2560
43.861221,9.569667,16700,407.1,321.6,2752
43.876508,9.552808,17100,409.8,321.3,2496
43.889191,9.538816,17500,411.2,321.3,2688
43.903322,9.523119,17900,413.2,321.2,2496
43.917297,9.507517,18300,414.6,321.2,2560
43.9319,9.491293,18700,416.7,321.0,2432
43.947268,9.474073,19100,418.9,321.1,2432
43.96277,9.456678,19500,420.9,321.0,2240
43.978912,9.438597,19900,423.1,321.0,2304
43.995071,9.420521,20300,425.9,321.0,2112
44.012162,9.401485,20700,428.2,321.3,2304
44.028351,9.383666,21100,429.8,321.4,2240
44.044748,9.365518,21500,432.0,321.5,2304
44.061859,9.346619,21900,432.6,321.4,2240
44.078079,9.3287,22300,434.0,321.4,2240
44.095001,9.309955,22700,434.8,321.4,2048
44.112076,9.291048,23075,436.8,321.3,2176
44.12915,9.272014,23475,436.8,321.3,2048
44.147552,9.251574,23825,439.6,321.3,1920
44.166203,9.230804,24200,441.0,321.3,1792
44.184769,9.21012,24550,443.2,321.3,1728
44.205167,9.187317,24900,445.3,321.2,1728
44.22551,9.164625,25250,447.4,321.3,1600
44.245789,9.141933,25575,450.3,321.2,1600
44.266802,9.118451,25900,452.3,321.1,1472
44.287033,9.095764,26225,454.5,321.2,1664
44.307953,9.072353,26575,455.9,321.1,2112
44.326901,9.051127,26975,454.5,321.2,1984
44.34515,9.030628,27375,453.8,321.3,2048
44.363724,9.009861,27725,453.7,321.1,1984
44.382578,8.988625,28075,453.7,321.1,1664
44.402893,8.965825,28425,454.5,321.2,1664
44.422852,8.943329,28775,455.1,321.1,1728
44.442118,8.921635,29125,454.5,321.2,1792
44.461212,8.900168,29475,454.5,321.2,1792
44.481216,8.877607,29825,453.7,321.1,1664
44.501404,8.854784,30150,453.5,320.9,1664
44.521676,8.831802,30500,453.5,320.9,1536
44.543976,8.806523,30825,454.3,321.0,1408
44.566132,8.781411,31150,455.1,321.1,1344
44.581682,8.764477,31350,457.0,323.0,1280
44.59318,8.753357,31500,457.9,325.9,1216
44.605563,8.742438,31625,460.0,328.7,1152
44.618362,8.732365,31750,460.9,331.5,1152
44.635217,8.720465,31925,462.0,333.7,1216
44.665103,8.700234,32225,464.7,334.4,1216
44.691266,8.682549,32525,465.6,334.1,1408
44.717893,8.664528,32850,465.6,334.1,1280
44.744195,8.646508,33150,465.1,334.0,1216
44.770111,8.62878,33450,465.1,334.0,1536
44.79666,8.610535,33750,465.6,333.6,1216
44.824219,8.591178,34050,465.1,333.4,1088
44.852429,8.571614,34325,466.0,334.0,1088
44.883865,8.550306,34575,467.0,334.4,896
44.915135,8.529209,34825,463.8,334.3,832
44.947908,8.506767,35075,461.1,333.9,832
44.980076,8.484527,35325,458.4,333.7,960
45.011033,8.462889,35575,454.4,333.6,896
45.042735,8.440582,35825,451.7,333.4,896
45.062897,8.426383,35950,452.6,333.5,512
45.070358,8.421151,35975,454.4,333.6,64
45.107349,8.395497,36000,456.2,334.0,64
45.13916,8.373282,36000,455.3,332.8,0
45.149479,8.365218,36000,454.7,330.0,0
45.159674,8.356241,36000,454.9,327.1,0
45.171312,8.344853,36000,453.7,324.4,64
45.181973,8.333264,36000,453.5,321.7,64
45.192354,8.320737,36000,452.9,318.9,0
45.202642,8.307138,36000,452.7,316.4,0
45.21254,8.292716,36000,452.0,313.7,-64
45.222706,8.276523,36000,450.7,311.2,0
45.249344,8.233795,36000,450.6,311.4,0
45.27626,8.1907,36000,450.5,311.6,0
45.303381,8.147501,36000,449.8,311.7,64
45.330707,8.103824,36000,449.9,311.3,-128
45.35794,8.059878,36000,450.0,311.1,0
45.385025,8.015965,36000,449.9,311.3,0
45.411896,7.972739,36000,449.9,311.5,64
45.438721,7.929644,36000,449.2,311.4,0
45.465408,7.88668,36000,449.2,311.4,0
45.492599,7.8428,36000,449.2,311.4,0
45.51947,7.799377,36000,449.2,311.4,0
45.546337,7.755867,36000,449.3,311.2,0
45.57312,7.712268,36000,448.6,311.1,0
45.600357,7.667787,36000,448.6,311.1,-64
45.627245,7.623756,36000,448.0,311.0,0
45.64444,7.595103,36000,448.1,309.7,0
45.653,7.579294,36000,448.0,306.7,0
45.661011,7.562747,36000,448.2,303.9,0
45.673462,7.534812,36000,447.5,302.1,64
45.694978,7.485535,36000,447.8,302.0,0
45.716253,7.436852,36000,448.2,301.8,0
45.738039,7.386726,36000,448.2,301.8,0
45.759733,7.336876,36000,450.1,301.9,0
45.78154,7.287218,36000,450.6,302.0,0
45.803467,7.236775,36000,450.9,301.9,0
45.824952,7.187325,36000,451.2,301.7,-64
45.846588,7.137228,36000,451.2,301.7,0
45.867737,7.087722,36000,451.1,301.4,0
45.889069,7.037145,36000,451.2,300.9,0
45.910189,6.986755,36000,451.7,301.0,0
45.931686,6.935857,36000,452.2,301.2,0
45.953156,6.884944,36000,452.2,301.2,0
45.974213,6.835037,36000,454.0,301.0,64
45.99552,6.784264,36000,454.0,301.0,64
46.017073,6.732903,36000,454.5,301.1,-64
46.037155,6.68498,36025,456.2,301.0,384
46.043934,6.668839,36075,457.0,300.9,768
46.061417,6.626967,36325,457.6,301.0,1024
46.079178,6.584897,36575,457.7,301.3,960
46.097351,6.542358,36825,457.9,301.6,896
46.112971,6.505623,37025,458.3,301.4,448
46.115811,6.499031,37025,458.3,301.4,0
46.13736,6.448372,37000,458.3,301.4,-64
46.155121,6.407106,37000,457.2,302.4,0
46.160454,6.396172,37000,455.2,306.7,128
46.166692,6.385391,37000,454.8,310.3,-64
46.173256,6.375504,37000,454.0,314.6,-64
46.180099,6.366508,37000,453.8,317.8,0
46.187873,6.357445,37000,452.8,321.6,0
46.196393,6.348656,37000,452.5,325.1,0
46.205566,6.340384,37000,451.6,328.5,0
46.214447,6.333417,37000,450.9,332.0,0
46.224324,6.326683,37000,450.6,335.2,0
46.251138,6.310135,37000,451.0,336.6,64
46.288566,6.286446,37100,454.0,336.1,320
46.326096,6.262207,37275,457.0,335.9,512
46.364213,6.237419,37475,458.7,335.7,704
46.395905,6.216587,37725,457.3,335.5,960
46.429107,6.19471,37975,456.4,335.4,896
46.436649,6.189697,38000,456.4,335.4,448
46.44298,6.185577,38025,456.4,335.4,0
46.481106,6.16024,38000,454.6,335.3,0
46.518906,6.135127,38000,450.6,335.5,0
46.556076,6.110542,38000,448.8,335.4,0
46.593856,6.085464,38000,448.8,335.4,64
46.630875,6.061037,38000,448.0,335.6,0
46.667967,6.036369,38000,446.4,334.8,64
46.680084,6.027274,38000,446.9,331.8,0
46.693359,6.016086,38000,446.4,329.6,0
46.704712,6.005569,38000,446.8,326.6,0
46.734879,5.975558,38000,446.6,325.5,0
46.768845,5.941594,38000,446.0,325.6,0
46.802307,5.908166,38000,445.2,325.5,0
46.836227,5.874202,38000,445.8,325.4,0
46.85701,5.853703,38000,445.4,326.6,0
46.868958,5.843079,38000,444.7,329.5,0
46.880676,5.833809,38000,443.7,332.3,0
46.896212,5.822824,38000,443.7,334.6,0
46.932449,5.798035,38000,443.8,334.9,0
46.969206,5.772752,38000,443.7,334.6,0
47.005371,5.747566,38000,443.7,334.4,0
47.041129,5.722468,38000,444.1,334.2,0
47.077148,5.697098,38000,444.1,334.2,0
47.113174,5.671623,38000,444.1,334.2,64
47.149109,5.646286,38000,444.1,334.2,-64
47.185488,5.620493,38000,444.1,334.2,-64
47.222543,5.594224,38000,445.0,334.3,0
47.259293,5.568214,38000,445.5,334.2,0
47.296236,5.54211,38000,445.9,334.4,0
47.332855,5.516235,38000,446.8,334.4,0
47.369695,5.490206,38000,447.3,334.3,0
47.406285,5.464431,38000,447.7,334.5,0
47.442596,5.438937,38000,448.6,334.5,0
47.479977,5.412598,38000,448.6,334.2,0
47.517242,5.386047,38000,449.0,334.1,-64
47.543701,5.366753,38000,449.9,332.8,0
47.555878,5.356659,38000,451.3,329.8,0
47.568741,5.34478,38000,452.7,327.1,0
47.581228,5.332031,38000,453.9,324.6,0
47.600739,5.310242,38000,454.0,322.9,0
47.633469,5.273781,38000,454.8,323.0,-64
47.666373,5.237098,38000,455.8,323.2,0
47.699425,5.200407,38000,456.4,323.1,-64
47.732663,5.163504,38000,456.4,323.1,0
47.766274,5.126249,38000,456.0,323.4,0
47.799652,5.089417,38000,456.6,323.3,0
47.832962,5.052475,38000,455.8,323.2,0
47.865692,5.01622,38000,455.8,323.2,0
47.899366,4.978779,38000,455.6,323.0,0
47.932744,4.941171,38000,454.6,322.8,0
47.96589,4.903776,38000,454.8,323.0,-64
47.998718,4.866875,38000,454.2,323.0,0
48.031723,4.829865,38000,453.4,323.0,0
48.064301,4.793067,38000,453.2,322.8,0
48.096725,4.756325,38000,451.8,322.8,0
48.129181,4.719727,38000,451.8,322.8,0
48.161875,4.682489,38000,451.0,322.8,0
48.194504,4.645527,38000,451.0,322.8,0
48.227142,4.608342,38000,451.0,322.8,0
48.260101,4.570805,38000,451.0,322.8,-64
48.292694,4.533762,38000,451.8,322.8,64
48.325459,4.496372,38000,451.8,322.8,64
48.358791,4.458281,38000,452.4,322.7,-64
48.391342,4.421152,38000,452.4,322.7,0
48.423777,4.384051,38000,453.0,322.6,-64
48.456482,4.346501,38000,452.2,322.5,64
48.489212,4.308753,38000,452.8,322.5,-64
48.522217,4.270583,38000,452.0,322.4,0
48.555008,4.232483,38000,452.7,322.3,64
48.588153,4.193886,38000,452.7,322.3,0
48.62059,4.156142,38000,452.8,322.5,0
48.654099,4.117267,38000,452.8,322.5,-64
48.686874,4.079308,38000,452.2,322.5,-64
48.71985,4.041017,38000,452.0,322.4,0
48.752792,4.002615,38000,452.0,322.4,0
48.785477,3.964374,38000,451.2,322.3,64
48.817841,3.926486,38000,451.2,322.3,-64
48.850568,3.888148,38000,451.9,322.2,0
48.883072,3.849863,38000,451.9,322.2,0
48.916077,3.810847,38000,452.3,321.9,0
48.948142,3.772936,38000,451.9,322.2,-64
48.980775,3.734556,38000,453.3,322.2,0
49.013123,3.696195,38000,453.1,322.0,-64
49.045944,3.657109,38000,452.3,321.9,0
49.078171,3.618727,38000,450.3,322.0,0
49.110237,3.580603,38000,447.5,322.1,0
49.142637,3.542079,38000,446.1,322.1,64
49.174622,3.503864,38000,445.9,321.9,0
49.206894,3.465201,38000,445.1,321.8,0
49.239212,3.426537,38000,444.5,321.9,0
49.271301,3.388226,38000,443.9,322.0,0
49.303024,3.350408,38000,441.7,322.0,0
49.33493,3.312096,38000,437.9,321.8,-64
49.366181,3.274359,38000,435.7,321.7,0
49.397324,3.236671,38000,435.0,321.6,0
49.428142,3.199323,38000,433.5,321.6,64
49.459396,3.16146,38000,432.9,321.8,0
49.490522,3.123606,38000,431.4,321.6,0
49.521423,3.086002,38000,430.6,321.5,0
49.552368,3.048128,38000,429.8,321.4,0
49.582928,3.010774,38000,428.4,321.4,0
49.613571,2.973247,38000,427.8,321.5,64
49.64447,2.935502,38000,427.8,321.5,-64
49.674683,2.898439,38000,427.0,321.5,0
49.705124,2.861071,38000,427.6,321.4,0
49.735433,2.823709,38000,429.0,321.3,0
49.765732,2.786335,38000,429.0,321.3,0
49.795765,2.749254,38000,429.0,321.3,0
49.826294,2.711599,38000,429.0,321.3,0
49.856842,2.67376,38000,429.0,321.3,0
49.887085,2.636285,38000,429.6,321.2,0
49.917918,2.598044,38000,430.4,321.3,0
49.947991,2.560705,38000,431.8,321.3,64
49.978576,2.522698,38000,432.4,321.2,0
50.008835,2.484766,38000,432.9,320.9,64
50.039886,2.445687,38000,433.1,321.1,0
50.070889,2.406822,38000,433.1,321.1,64
50.10141,2.368566,38000,433.1,321.1,-64
50.132151,2.329992,38000,433.1,321.1,0
50.163025,2.291228,38000,433.1,321.1,0
50.193507,2.252865,38000,432.3,321.0,0
50.224228,2.213962,38000,431.5,320.9,0
50.255003,2.174922,38000,429.3,320.9,0
50.284698,2.13713,38000,428.6,320.8,0
50.31459,2.099184,38000,427.9,320.9,0
50.344803,2.060659,38000,427.2,320.8,64
50.374924,2.022279,38000,427.2,320.8,0
50.397491,1.99279,38000,426.3,319.5,-64
50.426455,1.953265,38000,426.5,318.6,0
50.455364,1.913106,38000,425.7,318.3,0
50.484604,1.872591,38000,424.5,318.7,0
50.513855,1.832404,38000,424.5,318.9,-64
50.543161,1.792256,38000,425.2,318.8,0
50.57222,1.752536,38000,426.0,318.9,0
50.601305,1.712679,38000,426.0,318.9,0
50.628864,1.674598,38000,427.6,317.8,64
50.637988,1.660346,38000,428.5,314.8,64
50.645782,1.646937,38000,429.8,311.9,0
50.653397,1.632509,38000,431.5,309.1,-64
50.660522,1.61752,38000,432.8,306.3,0
50.66716,1.60198,38000,434.4,303.1,0
50.673981,1.584036,38000,436.0,300.1,0
50.680481,1.564809,38000,437.4,297.2,-64
50.698837,1.508467,38000,438.3,297.1,0
50.71722,1.452103,38000,438.3,297.1,0
50.735458,1.395858,38000,438.3,297.1,0
50.753577,1.340103,38000,439.2,297.1,0
50.771826,1.283722,38000,437.8,297.0,0
50.789841,1.228019,38000,437.8,297.0,0
50.808183,1.171494,38000,436.9,297.1,0
50.82637,1.115483,38000,437.8,297.0,0
50.844261,1.060104,38000,437.4,296.9,64
50.862091,1.004486,38000,437.4,296.9,0
50.880432,0.947647,38000,437.4,296.9,64
50.898285,0.891897,38000,436.9,296.8,-64
50.915955,0.836074,38000,436.0,296.6,64
50.933716,0.780029,38000,436.0,296.6,-64
50.951704,0.723267,38000,436.0,296.6,64
50.969284,0.667568,38000,436.0,296.6,0
50.987274,0.610706,38000,436.0,296.6,0
51.005052,0.554428,38000,436.0,296.6,-64
51.022742,0.498199,38000,436.5,296.4,0
51.040711,0.440979,38000,437.8,296.5,-64
51.058494,0.384064,38000,438.7,296.4,64
51.076218,0.327363,38000,441.9,296.3,-64
51.094025,0.270204,38000,442.7,296.3,0
51.111877,0.212749,38000,443.6,296.2,-64
51.129364,0.156258,38025,443.2,296.1,-192
51.147176,0.098801,38000,441.4,296.2,-64
51.164886,0.041273,38000,439.6,296.0,-128
51.182373,-0.015663,38000,439.2,295.9,0
51.200013,-0.073166,38000,438.7,296.1,64
51.21775,-0.131073,38000,438.3,296.0,64
51.235021,-0.187607,38000,437.9,295.9,0
51.252686,-0.245411,38000,437.0,295.9,64
51.269888,-0.301819,38000,436.5,295.8,0
51.287066,-0.358505,38000,434.8,295.6,0
51.304151,-0.415344,38000,433.8,295.7,0
51.321282,-0.472031,38000,432.9,295.7,0
51.338196,-0.528086,38000,432.9,295.7,0
51.355265,-0.584869,38000,433.8,295.7,0
51.372391,-0.641809,38000,433.4,295.6,0
51.389374,-0.698448,38000,434.3,295.5,64
51.406659,-0.756226,38000,435.7,295.6,0
51.423883,-0.814209,38000,436.1,295.4,0
51.441193,-0.872448,38000,437.5,295.5,0
51.458359,-0.930497,38025,437.9,295.3,0
51.47523,-0.987549,38000,437.5,295.5,-128
51.492416,-1.045483,38025,437.0,295.3,-128
51.509583,-1.103532,38000,436.1,295.4,0
51.526763,-1.161423,38000,433.4,296.1,0
51.53356,-1.181793,38000,431.0,298.7,0
51.552693,-1.236725,38000,431.5,299.1,-64
51.571793,-1.291784,38000,430.7,299.2,-64
51.590881,-1.346716,38000,430.2,299.1,0
51.609813,-1.401367,38000,430.2,299.1,0
51.628738,-1.457173,38000,430.4,298.3,-64
51.647186,-1.512847,38000,430.4,298.0,64
51.66568,-1.568892,38000,429.9,297.9,0
51.683784,-1.623993,38000,429.9,297.9,-128
51.702033,-1.679306,38000,430.4,298.0,-64
51.718884,-1.731415,38000,430.7,296.9,0
51.73645,-1.788248,38000,431.1,296.1,0
51.753752,-1.844864,38000,430.2,296.2,0
51.77124,-1.902119,38000,430.2,296.2,0
51.788759,-1.959305,38000,429.3,296.3,64
51.806168,-2.01614,38000,429.3,296.3,128
51.815735,-2.048653,38000,430.9,294.5,-64
51.831894,-2.106406,38000,431.0,294.2,64
51.848053,-2.164752,38000,430.2,294.0,0
51.863941,-2.222214,38000,429.3,294.1,0
51.879955,-2.280121,38000,429.3,294.1,64
51.895798,-2.33757,38000,428.9,293.9,0
51.911453,-2.394485,38000,427.5,294.2,0
51.917221,-2.413635,38000,425.3,297.0,0
51.93498,-2.467608,38000,423.6,298.0,64
51.95311,-2.522507,38000,423.2,298.2,0
51.971337,-2.577706,38000,422.8,298.1,64
51.989319,-2.632446,38000,423.2,297.9,-64
52.007309,-2.687607,38000,422.7,297.8,0
52.025208,-2.742538,38000,422.7,297.8,0
52.043167,-2.797982,38000,422.7,297.8,0
52.061183,-2.853385,38000,422.7,297.8,0
52.078919,-2.90816,38000,422.2,297.7,0
52.096802,-2.963638,37975,421.8,297.5,-256
52.099457,-2.971878,37950,421.8,297.5,-704
52.114105,-3.017426,37700,423.1,297.6,-896
52.128708,-3.063049,37450,422.7,297.5,-960
52.143173,-3.108063,37200,421.8,297.5,-896
52.157546,-3.153155,36950,423.1,297.3,-896
52.172396,-3.199925,36700,425.3,297.3,-896
52.187164,-3.246231,36450,426.3,297.5,-960
52.20205,-3.292838,36200,427.1,297.5,-960
52.216854,-3.339216,35950,428.0,297.4,-896
52.231844,-3.3863,35700,426.7,297.4,-960
52.24617,-3.431625,35425,427.1,297.2,-960
52.260706,-3.477879,35175,427.1,297.2,-1088
52.274811,-3.522531,34900,426.2,297.2,-960
52.289612,-3.569412,34650,424.9,297.2,-960
52.304093,-3.615444,34375,424.0,297.2,-960
52.318477,-3.661115,34125,426.2,297.2,-960
52.333191,-3.708038,33875,430.2,297.1,-896
52.347898,-3.755127,33625,432.0,297.0,-960
52.362842,-3.803074,33350,435.1,296.9,-960
52.377738,-3.851022,33100,436.0,296.9,-960
52.392471,-3.898468,32850,436.0,296.9,-960
52.407257,-3.946304,32600,436.9,296.8,-896
52.422103,-3.994393,32350,436.9,296.8,-960
52.436646,-4.041443,32075,436.9,296.8,-960
52.45134,-4.089279,31825,437.8,296.7,-960
52.466354,-4.138184,31550,437.4,296.6,-960
52.480805,-4.18532,31300,437.4,296.6,-1024
52.495003,-4.231698,31025,437.4,296.6,-1024
52.509807,-4.280195,30775,438.3,296.6,-960
52.524424,-4.328221,30500,438.3,296.6,-960
52.539322,-4.377136,30250,439.2,296.5,-960
52.554153,-4.425964,30000,440.5,296.6,-896
52.569208,-4.475359,29750,441.4,296.5,-896
52.583685,-4.52315,29475,444.5,296.5,-960
52.598722,-4.572745,29225,445.4,296.4,-1024
52.612874,-4.619673,28950,445.4,296.4,-960
52.627808,-4.669266,28700,446.3,296.3,-960
52.642914,-4.719162,28425,448.1,297.1,-960
52.650022,-4.739973,28325,447.5,299.9,-960
52.657974,-4.760895,28200,446.1,302.5,-960
52.665617,-4.779053,28100,447.0,305.2,-960
52.67363,-4.796448,28000,446.1,307.9,-960
52.683334,-4.815598,27875,445.4,310.6,-960
52.694619,-4.835946,27750,444.3,313.0,-896
52.717104,-4.875654,27500,446.5,312.9,-896
52.740051,-4.916306,27250,446.5,312.9,-896
52.759141,-4.950204,27000,440.8,312.9,-1344
52.762573,-4.956284,26925,440.1,312.8,-1728
52.765705,-4.961897,26850,439.4,312.9,-2112
52.7677,-4.965439,26800,438.7,312.8,-2496
52.771244,-4.971706,26675,437.3,312.8,-2944
52.775201,-4.978847,26525,436.6,312.7,-3392
52.784775,-4.99588,26125,436.6,312.7,-3392
52.795498,-5.015023,25725,435.9,312.8,-3072
52.806205,-5.034249,25325,433.8,312.7,-2880
52.817843,-5.055123,24925,432.4,312.7,-3008
52.828411,-5.074036,24525,430.3,312.5,-2944
52.839249,-5.09346,24125,429.6,312.6,-2880
52.850922,-5.114441,23725,426.8,312.6,-2880
52.861788,-5.13399,23325,425.3,312.6,-2880
52.872728,-5.153687,22925,423.9,312.6,-2880
52.883377,-5.172806,22525,422.5,312.6,-2944
52.894747,-5.193237,22125,420.4,312.7,-2816
52.904803,-5.211286,21725,419.0,312.7,-3200
52.914765,-5.229178,21325,418.3,312.6,-3264
52.924072,-5.245895,20925,419.0,312.7,-3200
52.934363,-5.264491,20525,417.6,312.5,-2880
52.941253,-5.276969,20300,416.9,312.4,-2432
52.944672,-5.283127,20225,416.3,312.3,-1984
52.948096,-5.289368,20150,414.8,312.3,-1536
52.952519,-5.297372,20075,414.1,312.4,-1088
52.957901,-5.307236,20025,413.4,312.3,-640
52.981293,-5.349655,19800,413.4,312.5,-1088
52.989621,-5.364781,19625,413.4,312.5,-1536
52.992274,-5.369568,19575,411.9,312.4,-1920
52.996216,-5.376663,19450,411.9,312.4,-2368
52.998138,-5.380173,19375,411.2,312.5,-2688
53.0007,-5.384792,19275,410.5,312.4,-3136
53.004547,-5.391769,19125,410.5,312.4,-3584
53.012757,-5.406686,18725,411.9,312.4,-3584
53.020615,-5.42099,18400,411.9,312.4,-3136
53.031378,-5.44043,18000,410.5,312.4,-2880
53.038128,-5.452672,17725,408.4,312.5,-3328
53.046508,-5.468759,17350,406.1,309.8,-3200
53.052063,-5.480728,17100,403.4,307.0,-2752
53.059123,-5.497559,16825,400.2,304.2,-2432
53.062103,-5.505406,16700,397.8,302.4,-1984
53.068039,-5.522232,16475,395.8,299.4,-2176
53.072937,-5.538025,16225,393.5,296.6,-2624
53.078201,-5.557404,15925,393.4,294.1,-2752
53.083282,-5.578613,15575,392.4,291.5,-2688
53.089325,-5.604172,15175,390.2,291.5,-2688
53.095184,-5.629002,14775,388.9,291.4,-2688
53.10102,-5.653839,14375,386.6,291.4,-2560
53.107361,-5.680559,13975,384.8,291.5,-2560
53.113077,-5.704974,13575,382.7,291.1,-2624
53.117965,-5.725896,13225,380.5,291.1,-3072
53.120619,-5.737368,13025,379.0,291.4,-2816
53.120945,-5.738741,13000,379.0,291.4,-2560
53.12146,-5.740906,12950,378.1,291.4,-2048
53.122055,-5.743417,12925,378.1,291.4,-1792
53.122807,-5.746496,12900,378.5,291.5,-1344
53.124527,-5.75354,12850,375.9,292.2,-896
53.129974,-5.774806,12725,370.0,293.2,-1344
53.139147,-5.809586,12400,360.9,293.9,-1408
53.148468,-5.844256,12100,352.7,294.1,-1280
53.153671,-5.86371,11925,346.9,294.0,-1152
53.159164,-5.88431,11775,341.2,293.9,-1024
53.164564,-5.904505,11625,334.5,293.8,-1024
53.170166,-5.925947,11475,328.3,293.5,-960
53.172913,-5.936462,11400,325.6,293.3,-1408
53.17434,-5.941988,11325,324.7,293.4,-1856
53.175476,-5.94635,11275,324.3,293.2,-2240
53.176666,-5.950902,11175,324.3,293.2,-2560
53.177582,-5.954511,11100,324.3,293.2,-2880
53.17955,-5.961966,10950,325.6,293.3,-3264
53.18161,-5.970049,10750,327.9,293.4,-3584
53.183395,-5.976955,10550,329.7,293.2,-3776
53.18542,-5.984802,10350,331.9,293.2,-3968
53.187241,-5.991943,10150,335.1,293.2,-4032
53.189026,-5.998849,9950,338.2,293.1,-3840
53.19104,-6.006696,9750,341.4,293.1,-3520
53.192821,-6.013722,9600,343.2,293.0,-3072
53.194702,-6.021057,9450,344.2,292.9,-2624
53.195892,-6.025687,9375,344.5,293.1,-2176
53.197037,-6.03016,9325,344.5,293.1,-1792
53.198959,-6.037694,9250,343.2,293.0,-1344
53.200882,-6.045306,9200,341.9,292.9,-896
53.206741,-6.06825,9050,341.4,293.1,-832
53.212746,-6.091677,8900,340.5,293.2,-960
53.218611,-6.114619,8750,341.4,293.1,-960
53.224058,-6.136107,8600,341.0,293.0,-960
53.229401,-6.156974,8450,340.1,293.0,-1024
53.234625,-6.177548,8300,335.6,293.0,-1152
53.238768,-6.193785,8175,331.2,292.9,-1216
53.243424,-6.212284,8025,326.7,292.9,-1152
53.248215,-6.231131,7875,322.2,292.8,-1152
53.253067,-6.250201,7700,317.2,293.0,-1088
53.258134,-6.270043,7550,312.8,293.0,-704
53.260483,-6.279236,7525,308.3,292.9,-256
53.263458,-6.291085,7500,303.8,292.9,-448
53.264977,-6.297105,7475,300.7,292.9,-896
53.268585,-6.311175,7350,296.6,293.0,-1216
53.272752,-6.32764,7175,292.2,293.0,-1088
53.277328,-6.345625,7025,289.9,292.9,-1152
53.279828,-6.355429,6925,289.0,293.0,-1408
53.28186,-6.36336,6825,288.6,292.8,-1728
53.283738,-6.370859,6725,288.6,292.8,-1792
53.285321,-6.376998,6625,288.6,292.8,-1856
53.28717,-6.384077,6525,289.7,293.8,-1984
53.289001,-6.390119,6425,289.8,296.6,-1664
53.291652,-6.397355,6325,288.3,301.8,-1600
53.294495,-6.404323,6225,286.5,304.2,-1536
53.29789,-6.412219,6125,284.5,305.7,-1216
53.30194,-6.421509,6025,281.4,305.9,-1024
53.306396,-6.431789,5925,277.0,306.0,-960
53.310831,-6.442027,5850,272.8,305.9,-960
53.314407,-6.450309,5750,269.2,305.9,-960
53.319071,-6.461092,5650,264.5,305.6,-896
53.324145,-6.472886,5550,260.0,305.8,-832
53.329452,-6.485246,5450,255.0,305.8,-704
53.332443,-6.492292,5425,250.3,305.4,-384
53.333496,-6.494725,5425,248.3,305.2,0
53.336838,-6.502651,5450,243.3,305.1,128
53.339321,-6.508511,5425,238.3,305.1,-192
53.341873,-6.514579,5400,233.3,305.0,-384
53.345885,-6.524182,5350,228.3,305.0,-640
53.347961,-6.529175,5325,224.1,304.8,-512
53.349609,-6.533177,5300,220.0,304.6,-256
53.351471,-6.537592,5275,215.8,304.4,-384
53.353846,-6.543489,5250,210.8,304.4,-576
53.355801,-6.548175,5225,205.8,304.3,-448
53.357574,-6.55256,5175,201.6,304.1,-896
53.360363,-6.559484,5075,198.0,304.1,-1280
53.362597,-6.564897,4975,195.6,304.6,-1344
53.364553,-6.569178,4900,193.6,306.8,-1536
53.366229,-6.572086,4825,191.2,312.0,-1728
53.367645,-6.57414,4750,189.5,319.9,-1920
53.369441,-6.576206,4675,188.7,324.7,-1920
53.371349,-6.577983,4600,187.4,332.3,-1920
53.373322,-6.57932,4525,187.4,337.4,-1920
53.375427,-6.58034,4425,185.4,343.7,-1984
53.37796,-6.581134,4325,184.8,350.0,-1984
53.380463,-6.581595,4225,185.1,353.8,-2048
53.382894,-6.581941,4125,184.6,355.3,-2176
53.384949,-6.582223,4025,184.5,355.6,-2240
53.387456,-6.582507,3925,185.5,356.0,-2240
53.389618,-6.582694,3825,186.5,356.0,-2240
53.391972,-6.582992,3725,186.5,356.0,-2240
53.394439,-6.583315,3625,187.5,356.0,-2176
53.396534,-6.583557,3525,187.5,355.7,-2112
53.39946,-6.583871,3425,187.5,356.0,-1856
53.402167,-6.584203,3325,187.5,356.0,-1600
53.405658,-6.584607,3225,186.4,356.3,-1536
53.408981,-6.584734,3125,184.0,359.4,-1536
53.411477,-6.584365,3050,181.7,5.1,-1536
53.4132,-6.583719,3000,181.4,11.1,-1472
53.414886,-6.582929,2950,180.0,13.5,-1472
53.416168,-6.582066,2925,179.6,21.6,-1472
53.417902,-6.580568,2850,177.7,29.3,-1536
53.419624,-6.57871,2800,177.5,34.7,-1664
53.421249,-6.576416,2725,177.1,38.8,-1792
53.422231,-6.574752,2675,177.6,43.4,-1664
53.422806,-6.573748,2650,177.5,45.7,-1280
53.423069,-6.573136,2650,177.7,47.5,-1024
53.423676,-6.571943,2625,178.0,49.3,-768
53.424911,-6.569432,2600,177.1,51.2,-320
53.432419,-6.553109,2575,179.6,52.2,-128
53.442435,-6.531211,2550,181.8,52.4,-128
53.446391,-6.522405,2525,184.6,53.8,-512
53.447509,-6.519012,2475,186.2,61.1,-768
53.44816,-6.516266,2450,186.3,69.9,-768
53.448812,-6.511904,2425,187.5,76.1,-512
53.449092,-6.508026,2400,187.5,82.7,-512
53.449231,-6.503906,2375,187.2,87.6,-704
53.449127,-6.497942,2325,189.1,91.8,-960
53.448859,-6.491547,2225,190.5,94.2,-1216
53.448393,-6.483549,2125,190.9,95.7,-1152
53.447835,-6.474825,2025,189.3,96.7,-896
53.44725,-6.465846,1925,188.1,96.1,-1088
53.446764,-6.458022,1825,186.0,95.9,-1088
53.446298,-6.44954,1725,183.8,95.3,-896
53.445786,-6.440421,1625,181.8,95.4,-960
53.445328,-6.431396,1525,178.6,94.8,-896
53.444824,-6.421273,1425,176.6,94.9,-1024
53.44439,-6.41335,1325,176.7,95.2,-960
53.443878,-6.404787,1225,174.7,95.2,-768
53.443412,-6.395901,1125,174.6,94.9,-960
53.442993,-6.387823,1050,170.6,94.7,-896
53.442621,-6.380148,950,167.7,95.1,-896
53.442215,-6.372306,850,164.6,94.9,-960
53.441803,-6.365008,775,159.7,95.4,-768
53.441391,-6.357396,700,155.7,95.5,-896
53.440979,-6.350019,600,153.6,95.2,-832
53.440521,-6.341858,500,152.6,95.3,-960
53.440109,-6.334403,400,152.6,95.3,-896
53.439651,-6.325378,300,149.7,95.4,-768
53.439222,-6.317866,200,147.6,95.1,-896
53.43871,-6.308414,100,145.6,95.1,-704
53.438198,-6.299205,25,145.7,95.5,-640
53.437775,-6.291242,-75,146.6,95.1,-768
53.437267,-6.282806,-175,146.6,95.1,-704
53.436848,-6.274244,-250,145.6,95.1,-256
53.436584,-6.269584,-275,140.6,95.3,-128
53.436569,-6.268993,-275,133.6,95.6,-128
53.436476,-6.267458,-300,128.6,95.4,-128
53.436429,-6.266569,-300,124.6,95.5,-128
53.436356,-6.265268,-300,119.6,95.8,-128
53.43629,-6.264388,-275,111.5,95.7,-192
53.436218,-6.26362,-275,105.6,96.0,-192
53.436208,-6.263257,-300,99.0,95.6,-192
53.436173,-6.26251,-300,91.0,95.6,-192
53.436138,-6.261864,-300,85.0,95.6,-192
53.436104,-6.261305,-300,79.0,95.6,-192
53.436069,-6.260733,-300,73.0,95.6,-192
53.436024,-6.259971,-300,66.5,95.6,-192
53.436022,-6.259784,-300,60.5,95.6,-192
53.435978,-6.259107,-300,55.5,95.6,-192
53.435941,-6.25837,-300,48.5,95.6,-192
53.435906,-6.257784,-300,45.5,95.6,-192
53.435859,-6.257037,-300,41.5,95.6,-192
53.435829,-6.2564,-300,37.5,95.6,-192
53.435795,-6.255753,-300,33.5,95.6,-192
53.435754,-6.255017,-300,30.5,95.6,-192
53.435708,-6.254472,-300,26.5,98.4,-192
53.435661,-6.254129,-300,23.5,101.2,-192
53.43558,-6.253624,-300,22.5,104.1,-192
53.435475,-6.253018,-300,23.5,106.9,-192
53.435405,-6.252756,-300,23.5,112.5,-192
53.435246,-6.252143,-300,23.5,115.3,-128
53.42189,-6.280256,-225,102.5,95.6,0
53.421719,-6.276909,-225,114.5,95.5,0
53.421661,-6.275861,-225,122.5,95.2,0
53.421533,-6.273274,-225,126.6,95.4,0
53.421478,-6.272879,-225,134.5,95.1,0
53.421387,-6.271153,-225,137.6,95.4,0
53.421295,-6.268956,-225,141.6,95.3,64
53.421249,-6.268328,-225,148.7,95.4,64
53.421158,-6.266445,-225,151.6,95.3,128
53.421021,-6.264404,-225,157.7,95.5,576
53.420975,-6.263227,-200,160.7,95.4,1088
53.420883,-6.261893,-175,161.7,95.3,1536
53.420834,-6.260511,-150,162.7,95.3,1984
53.420741,-6.259299,-100,162.7,95.3,2304
53.420609,-6.256792,-25,161.8,95.7,2688
53.420471,-6.254517,75,160.9,96.1,2688
53.420288,-6.25177,175,162.0,96.4,2496
53.419968,-6.248082,275,162.4,97.4,2304
53.419739,-6.244864,375,164.3,97.3,2304
53.41951,-6.241882,475,165.5,97.6,2496
53.419281,-6.239293,575,166.5,97.6,2560
53.419019,-6.235872,675,166.5,97.6,2688
53.418833,-6.233287,775,166.5,97.6,2752
53.418594,-6.230739,875,166.5,97.6,2816
53.418414,-6.227956,975,166.3,97.2,2816
53.418181,-6.225128,1075,167.3,97.2,2624
53.417995,-6.222462,1175,168.2,96.8,2496
53.417808,-6.219231,1275,169.0,96.1,2496
53.417576,-6.215677,1375,169.9,95.7,2432
53.417389,-6.212203,1475,171.7,95.3,2176
53.417203,-6.208406,1575,172.7,95.3,1792
53.41697,-6.204286,1650,177.6,94.8,1344
53.416718,-6.199193,1700,181.6,94.7,960
53.416598,-6.196289,1750,184.6,94.7,832
53.416412,-6.192412,1775,189.6,94.5,704
53.416272,-6.189746,1800,193.6,94.4,768
53.416077,-6.184675,1850,198.6,94.3,1152
53.415807,-6.17989,1925,202.6,94.5,1280
53.415619,-6.17518,1975,206.7,94.7,1152
53.415436,-6.171884,2000,209.8,94.9,1088
53.415161,-6.167018,2075,213.8,95.1,1408
53.414922,-6.162522,2150,216.8,95.0,1856
53.414658,-6.157288,2250,219.9,95.2,2176
53.41441,-6.152828,2350,220.9,95.2,2496
53.414224,-6.149274,2450,221.9,95.2,2752
53.414038,-6.1458,2550,221.9,95.2,2944
53.413851,-6.142408,2650,221.9,95.2,3072
53.413665,-6.139015,2750,222.9,95.2,3072
53.413479,-6.135541,2850,222.9,95.2,3008
53.41333,-6.132019,2950,222.8,94.9,2880
53.413101,-6.128409,3050,223.8,94.9,2816
53.412964,-6.124878,3150,224.8,94.8,2816
53.412781,-6.121243,3250,224.8,94.8,2752
53.412595,-6.117688,3350,225.8,94.8,2624
53.412315,-6.113003,3450,227.9,95.0,2240
53.412094,-6.108555,3525,230.9,95.0,1792
53.411911,-6.104553,3600,234.9,94.9,1408
53.411664,-6.099836,3650,237.9,95.1,1088
53.411453,-6.095921,3675,241.9,95.0,1024
53.411179,-6.089172,3725,246.7,94.2,896
53.411105,-6.086264,3750,250.3,92.8,960
53.411087,-6.082345,3800,253.0,90.9,1408
53.411179,-6.0785,3850,255.1,88.7,1792
53.411245,-6.07657,3875,256.2,87.8,2176
53.411384,-6.072208,3975,256.5,86.4,2560
53.411617,-6.0672,4075,257.6,86.0,2688
53.411803,-6.06308,4175,259.6,86.0,2496
53.411989,-6.058233,4250,261.6,86.3,2048
53.412176,-6.052982,4350,264.5,86.3,1728
53.412506,-6.044992,4450,269.5,86.6,1472
53.412735,-6.038321,4525,274.5,86.7,1344
53.41301,-6.030239,4600,278.5,86.7,1216
53.4132,-6.024708,4650,283.5,86.8,1216
53.413513,-6.015329,4725,288.4,86.8,1088
53.413619,-6.011703,4750,292.4,86.9,1024
53.413851,-6.004998,4800,296.4,86.9,1344
53.413945,-6.001686,4850,297.4,86.9,1600
53.414038,-5.998454,4875,299.4,86.9,1984
53.4142,-5.994141,4950,300.4,86.9,2368
53.414364,-5.988437,5050,301.4,87.2,2688
53.414474,-5.984018,5150,302.4,87.2,2624
53.414658,-5.977975,5250,303.4,87.2,2432
53.414841,-5.972325,5350,305.4,87.2,2240
53.415024,-5.965969,5450,308.4,87.2,2368
53.415207,-5.960083,5550,309.4,87.2,2752
53.415341,-5.95459,5650,310.4,87.2,3008
53.415481,-5.950308,5750,310.4,87.2,3200
53.415573,-5.946742,5825,310.4,87.2,3392
53.41571,-5.943054,5925,309.4,87.2,3584
53.415807,-5.939241,6025,309.4,87.2,3712
53.415894,-5.935678,6125,308.4,87.0,3904
53.416039,-5.931567,6225,307.4,87.0,4096
53.416133,-5.928013,6325,307.4,87.0,4096
53.41626,-5.924456,6425,306.4,87.0,3968
53.416351,-5.920846,6525,306.4,87.2,3776
53.416443,-5.917472,6625,306.4,87.2,3584
53.416598,-5.912583,6725,306.4,87.2,3328
53.416738,-5.908787,6825,306.4,87.2,3072
53.416855,-5.903111,6925,307.4,87.2,2880
53.417175,-5.893537,7125,308.4,87.2,2816
53.41745,-5.884042,7300,309.4,87.2,2816
53.417715,-5.874777,7500,311.4,87.1,2880
53.418041,-5.864195,7700,313.4,87.1,2816
53.418367,-5.853855,7900,316.4,87.1,2752
53.418686,-5.842529,8100,319.4,87.1,2752
53.418961,-5.832799,8300,322.4,87.2,2624
53.419327,-5.820478,8500,326.4,87.2,2496
53.41967,-5.808859,8700,329.4,87.2,2624
53.420013,-5.797328,8900,331.4,87.1,2816
53.420369,-5.786241,9100,333.4,87.1,2944
53.420648,-5.776143,9300,335.4,87.1,2944
53.421021,-5.764995,9500,337.4,87.1,3008
53.421295,-5.754953,9700,338.4,87.1,3072
53.421579,-5.74585,9875,340.4,87.1,3200
53.421844,-5.736433,10075,340.4,87.1,3264
53.422138,-5.727027,10275,341.4,87.2,3328
53.422394,-5.718384,10450,342.4,87.2,2880
53.422557,-5.713052,10525,344.4,87.2,2496
53.422696,-5.707963,10600,345.4,87.2,2048
53.422852,-5.702768,10650,347.4,87.2,1600
53.423035,-5.697274,10700,350.5,87.1,1216
53.423348,-5.687121,10750,354.5,87.1,768
53.423813,-5.672241,10850,363.5,87.0,1152
53.42386,-5.669349,10875,364.5,87.0,1472
53.423953,-5.666441,10900,365.5,87.0,1920
53.424133,-5.661098,10950,367.5,87.0,2304
53.424279,-5.65699,11025,367.5,87.0,2752
53.424454,-5.651524,11125,368.5,87.0,3200
53.424545,-5.647679,11200,368.5,87.0,3520
53.424791,-5.640187,11375,367.4,87.2,3968
53.424957,-5.634495,11500,366.4,87.2,4416
53.425164,-5.627181,11700,365.4,87.2,4672
53.42535,-5.620072,11900,362.4,87.3,4864
53.425735,-5.606637,12300,360.4,87.3,4928
53.426102,-5.593297,12700,356.4,87.4,4928
53.426422,-5.580976,13075,353.4,87.4,4864
53.426559,-5.576425,13200,351.4,87.4,4480
53.426697,-5.570932,13350,351.4,87.4,4032
53.42684,-5.565787,13450,351.4,87.4,3584
53.427017,-5.558062,13625,351.4,87.4,3136
53.4272,-5.55249,13725,352.4,87.4,2752
53.427338,-5.546919,13800,353.4,87.4,2304
53.427841,-5.529027,14050,357.4,87.3,2688
53.42807,-5.521807,14175,357.4,87.3,3136
53.428609,-5.502696,14575,358.4,87.3,3328
53.429169,-5.481079,14975,358.4,87.3,3200
53.429626,-5.464443,15275,360.4,87.3,2752
53.430098,-5.447845,15525,362.4,87.3,2304
53.430238,-5.442352,15600,363.4,87.3,1856
53.430405,-5.437448,15625,364.4,87.3,1472
53.430471,-5.433789,15675,366.4,87.3,1152
53.43061,-5.429185,15700,369.4,87.4,768
53.431229,-5.40802,15775,378.4,87.3,832
53.431915,-5.382045,15900,387.4,87.3,768
53.432519,-5.358339,16000,397.4,87.6,768
53.432705,-5.3522,16025,399.4,87.6,1216
53.432891,-5.345333,16075,401.4,87.6,1664
53.433746,-5.309849,16450,407.3,87.8,1984
53.43457,-5.275556,16850,411.3,87.8,2368
53.435359,-5.241933,17250,414.3,87.8,2304
53.436081,-5.210031,17650,416.3,87.8,2752
53.436755,-5.181508,18050,417.3,87.9,2304
53.436802,-5.160505,18275,420.0,90.3,2176
53.436616,-5.150891,18400,421.2,91.8,2560
53.435669,-5.121591,18800,423.6,93.1,2112
53.434937,-5.09797,19050,425.6,93.0,2560
53.433975,-5.067993,19450,425.6,93.0,2304
53.433105,-5.039193,19800,426.6,93.0,2752
53.432236,-5.011178,20200,426.6,93.0,2560
53.431183,-4.977591,20600,427.6,92.9,2304
53.430084,-4.941336,21000,429.6,93.1,2048
53.428888,-4.903941,21375,432.6,93.1,2112
53.427704,-4.867022,21750,435.7,93.2,1920
53.426331,-4.826608,22125,438.7,93.1,1856
53.425024,-4.786969,22475,441.7,93.1,1856
53.423721,-4.746565,22825,444.7,93.2,1600
53.422348,-4.705601,23175,447.7,93.2,1792
53.420974,-4.664343,23525,450.8,93.3,1792
53.419556,-4.62391,23875,452.7,93.3,1728
53.418088,-4.581218,24225,455.7,93.3,1600
53.416551,-4.536788,24550,458.8,93.4,1792
53.415015,-4.49357,24900,460.8,93.4,1664
53.413422,-4.449777,25250,462.8,93.5,1728
53.411774,-4.403713,25575,464.9,93.6,1472
53.41008,-4.357727,25900,467.9,93.6,1280
53.408265,-4.308579,26200,471.9,93.5,1472
53.406647,-4.263794,26525,472.9,93.5,1792
53.405146,-4.224405,26900,472.0,93.6,2176
53.403671,-4.184849,27275,471.0,93.8,2048
53.402115,-4.15652,27550,471.8,96.2,1984
53.400146,-4.134862,27750,473.0,99.1,2048
53.397419,-4.111795,27950,473.7,102.2,1984
53.393881,-4.088287,28175,474.4,104.7,1984
53.390063,-4.067042,28375,475.4,107.2,2112
53.385315,-4.044381,28625,476.1,110.2,2048
53.38336,-4.035941,28700,476.4,110.9,1664
53.377533,-4.01307,28900,477.3,113.7,2048
53.37093,-3.990218,29125,478.5,116.6,1984
53.359711,-3.953462,29500,476.7,116.9,1920
53.348099,-3.914978,29875,476.3,116.8,1792
53.336197,-3.875506,30225,474.9,116.8,1664
53.324099,-3.835521,30575,474.9,116.8,1728
53.311981,-3.795462,30925,474.1,116.8,1664
53.299759,-3.755205,31250,473.2,116.9,1664
53.287491,-3.714713,31600,473.2,116.9,1600
53.274707,-3.672826,31925,472.3,116.9,1536
53.261444,-3.629333,32250,472.3,116.9,1472
53.248777,-3.587763,32575,471.4,117.0,1472
53.236022,-3.546161,32925,470.5,117.1,1856
53.223953,-3.506914,33275,468.7,117.2,1792
53.212646,-3.470267,33625,466.5,117.2,1856
53.200922,-3.432339,33975,464.7,117.3,1600
53.188492,-3.391948,34300,462.5,117.3,1600
53.175132,-3.348811,34600,462.0,117.2,1280
53.161585,-3.305188,34900,462.0,117.4,1216
53.154327,-3.283421,35050,462.9,120.2,1408
53.145813,-3.260664,35225,463.8,122.8,1216
53.136679,-3.238705,35375,464.4,125.1,1152
53.127136,-3.217621,35500,465.5,127.8,1024
53.115967,-3.195138,35650,467.0,130.1,1088
53.093153,-3.15135,35900,467.3,130.8,960
53.07074,-3.108139,36175,467.3,130.8,1024
53.047577,-3.063583,36425,467.9,130.8,960
53.022813,-3.015982,36675,468.7,130.8,896
52.998505,-2.96936,36925,469.3,130.9,832
52.987381,-2.947998,37025,469.3,130.9,448
52.983856,-2.941284,37025,470.0,130.9,0
52.955795,-2.887726,37000,470.0,130.9,0
52.92778,-2.834244,37000,467.2,130.9,0
52.899948,-2.781143,37000,464.9,131.2,-64
52.872216,-2.728768,37000,462.7,131.2,0
52.844238,-2.675858,37000,462.1,131.1,0
52.816679,-2.624006,37000,462.0,131.3,0
52.788895,-2.57164,37000,461.3,131.2,0
52.761562,-2.520264,37000,461.3,131.2,0
52.73363,-2.467765,37000,461.3,131.2,0
52.705792,-2.415501,37000,461.3,131.2,0
52.677814,-2.363002,37000,460.6,131.3,64
52.650209,-2.311445,37000,461.2,131.4,0
52.622406,-2.259521,37000,461.2,131.4,64
52.594849,-2.208176,37000,461.2,131.4,64
52.566927,-2.156302,37000,461.2,131.6,-64
52.538856,-2.10451,37000,461.2,131.6,0
52.521561,-2.071915,37000,459.9,130.1,0
52.512228,-2.052403,37000,458.8,127.3,0
52.503709,-2.032706,37000,457.7,124.8,-64
52.490814,-2.000296,37000,456.8,123.0,64
52.468096,-1.943168,37000,456.8,123.0,0
52.445146,-1.885411,37000,457.4,123.1,0
52.422501,-1.82869,37000,456.5,123.2,0
52.399475,-1.771393,37000,456.2,123.4,64
52.376947,-1.715594,37000,456.2,123.4,-64
52.354111,-1.659241,37000,455.4,123.4,0
52.331635,-1.603546,37000,456.2,123.4,64
52.308929,-1.547394,37000,456.0,123.6,0
52.286077,-1.491237,37000,456.5,123.7,0
52.263336,-1.435699,37000,457.1,123.8,0
52.240219,-1.379395,37000,457.1,123.8,0
52.217377,-1.3237,37000,457.1,123.8,0
52.194214,-1.267242,37000,457.1,123.8,64
52.171326,-1.211548,37000,457.6,123.9,0
52.148143,-1.155212,37000,457.6,123.9,-64
52.125053,-1.099418,37000,458.2,124.0,-128
52.10187,-1.043544,37000,457.4,124.0,0
52.078537,-0.98732,37000,456.5,124.1,0
52.055364,-0.931641,37000,456.0,124.0,0
52.032228,-0.875924,37000,455.1,124.1,-64
52.008812,-0.819815,37000,453.8,124.0,0
51.985582,-0.764256,37000,453.5,124.2,0
51.962494,-0.709381,37000,452.7,124.3,0
51.939056,-0.653839,37000,451.8,124.4,0
51.915985,-0.59906,37000,451.3,124.2,0
51.893188,-0.544937,37000,450.4,124.3,0
51.870226,-0.490494,37000,449.1,124.3,64
51.847136,-0.435944,37000,448.2,124.4,-64
51.823953,-0.381317,37000,448.8,124.5,64
51.801003,-0.327377,37000,448.0,124.5,64
51.778099,-0.273666,37000,448.0,124.5,64
51.754807,-0.219281,37000,448.0,124.5,0
51.731686,-0.165329,37000,447.7,124.7,0
51.708364,-0.111084,37000,448.0,124.5,0
51.68532,-0.057297,37000,448.0,124.5,0
51.662417,-0.003891,37000,448.5,124.7,-64
51.638992,0.050478,37000,448.3,124.8,0
51.615738,0.10437,37000,448.3,124.8,0
51.592495,0.157776,37000,448.0,125.0,0
51.568847,0.211868,37000,448.0,125.0,0
51.545517,0.265379,37000,448.6,125.1,-64
51.522248,0.318527,37000,448.0,125.0,-64
51.499146,0.371382,37000,447.2,125.1,0
51.475789,0.424652,37000,447.8,125.2,64
51.452419,0.477905,37000,447.2,125.1,0
51.429062,0.531055,37000,447.8,125.2,64
51.405448,0.584564,37000,447.8,125.2,0
51.3818,0.638199,37000,448.4,125.3,-64
51.358244,0.691376,37000,448.4,125.3,0
51.334717,0.744398,37000,449.0,125.4,0
51.310854,0.798187,37000,449.0,125.4,0
51.28688,0.851898,37000,449.5,125.5,64
51.262952,0.905609,37000,450.3,125.4,64
51.239536,0.958176,37000,451.7,125.4,64
51.215608,1.011658,37000,452.3,125.6,0
51.19182,1.064453,37000,452.5,126.0,0
51.167101,1.117325,37000,452.8,126.9,0
51.142273,1.16945,37000,453.2,127.2,64
51.117325,1.221858,37000,452.6,127.1,-64
51.092239,1.274711,37000,452.0,127.0,0
51.067337,1.327119,37000,451.4,126.9,-64
51.042618,1.37923,37000,449.8,127.1,0
51.017761,1.431415,37000,448.4,127.0,0
50.992995,1.483536,37000,447.6,127.1,64
50.968183,1.535568,37000,447.6,127.1,0
50.943832,1.586559,37000,447.0,127.0,-64
50.918976,1.638522,37000,447.4,127.3,0
50.894165,1.690039,37000,447.4,127.3,0
50.86908,1.742075,37000,446.6,127.4,0
50.844223,1.793667,37000,446.0,127.3,0
50.819309,1.845322,37000,446.0,127.3,0
50.794823,1.895981,37000,445.8,127.4,0
50.770429,1.946335,37000,445.2,127.3,0
50.74571,1.997299,37000,445.0,127.5,0
50.720993,2.048134,37000,445.0,127.5,0
50.696318,2.09877,37000,445.0,127.5,0
50.671738,2.149089,37000,445.6,127.6,0
50.646973,2.199567,37000,445.6,127.6,-64
50.62244,2.249599,37000,445.6,127.6,64
50.59758,2.300262,37000,446.2,127.7,0
50.572632,2.35093,37000,446.9,127.8,64
50.547592,2.401669,37000,447.7,127.7,0
50.522771,2.451955,37000,449.1,127.8,0
50.497354,2.503398,37000,449.1,127.8,0
50.484238,2.530397,37000,448.6,126.2,0
50.475128,2.551358,37000,447.9,123.6,0
50.453018,2.603904,37000,447.7,123.3,64
50.43045,2.657896,37000,447.9,123.2,0
50.408249,2.711021,37000,447.1,123.2,0
50.386187,2.76373,37000,446.6,123.1,-64
50.363935,2.817102,37000,445.7,123.2,0
50.34159,2.870549,37000,445.2,123.1,0
50.319397,2.923664,37000,445.2,123.1,-64
50.297333,2.976717,37000,444.6,123.0,-128
50.275206,3.029777,37000,443.8,123.1,0
50.253467,3.082036,37000,443.2,122.9,64
50.231689,3.134501,37000,443.2,122.9,64
50.209763,3.187264,37000,441.9,122.9,0
50.188293,3.239232,37000,442.2,122.7,64
50.16646,3.292038,37000,441.9,122.9,0
50.144485,3.345048,37000,442.2,122.7,0
50.122787,3.397739,37000,441.9,122.4,-64
50.100961,3.450969,37000,442.5,122.5,0
50.079208,3.504133,37000,442.8,122.4,0
50.057482,3.557418,37000,442.8,122.4,64
50.036087,3.609948,37000,443.6,122.3,0
50.014618,3.662639,37000,443.6,122.3,0
49.997429,3.70462,37000,443.5,123.2,0
49.989853,3.721113,37000,444.2,126.3,-64
49.981613,3.737375,37000,444.6,128.7,-64
49.962981,3.771799,37000,445.7,130.1,64
49.936679,3.819828,37000,446.2,130.4,0
49.910339,3.867621,37000,446.1,130.6,0
49.883652,3.915759,37000,447.4,130.7,0
49.856827,3.963896,37000,447.4,130.7,64
49.830139,4.011672,37000,446.6,131.0,-64
49.803177,4.059737,37000,445.9,130.9,0
49.776306,4.107773,37000,443.8,130.8,64
49.750076,4.154928,37000,442.5,130.6,0
49.723846,4.202271,37000,441.9,130.5,-64
49.697296,4.250263,37000,442.5,130.6,0
49.671145,4.297213,37000,441.8,130.7,64
49.644608,4.344659,37000,441.0,130.8,0
49.618881,4.3907,37000,440.4,130.7,-64
49.592834,4.437176,37000,439.6,130.8,0
49.566821,4.48361,37000,439.6,130.8,-64
49.540833,4.529981,37000,438.9,130.8,0
49.514603,4.576601,37000,438.9,130.8,0
49.48866,4.622498,37000,438.8,131.0,0
49.462265,4.669041,37000,438.0,131.1,0
49.435776,4.715375,37000,438.6,131.4,0
49.409912,4.760601,37000,438.0,131.1,0
49.383266,4.807458,37000,437.3,131.0,0
49.357086,4.853563,37000,437.3,131.0,-64
49.331127,4.899252,37000,438.8,131.0,64
49.305011,4.945076,37000,438.8,131.0,0
49.278671,4.991244,37000,439.4,131.1,0
49.252213,5.037584,37000,440.1,131.2,-64
49.226074,5.083078,37000,440.0,131.4,0
49.199338,5.129314,37000,440.0,131.4,-64
49.173203,5.17449,37000,439.2,131.5,0
49.146606,5.220337,37000,439.2,131.5,0
49.119966,5.266354,37000,438.6,131.4,0
49.093757,5.311673,37000,437.8,131.5,0
49.067368,5.357103,37000,437.2,131.4,0
49.040874,5.402744,37000,437.1,131.6,0
49.014359,5.448162,37000,437.1,131.6,0
48.988037,5.493234,37000,436.3,131.7,0
48.961689,5.538338,37000,435.7,131.6,0
48.935486,5.583097,37000,434.9,131.6,0
48.909256,5.627817,37000,434.2,131.7,0
48.882922,5.672487,37000,433.4,131.8,0
48.856476,5.717257,37000,433.4,131.8,0
48.830365,5.761534,37000,433.4,131.8,0
48.804153,5.805852,37000,432.7,131.9,64
48.777466,5.850994,37000,431.9,132.0,-64
48.751179,5.895105,37000,431.2,132.1,0
48.724777,5.939378,37000,430.4,132.2,-64
48.698436,5.983574,37000,429.1,132.0,0
48.672501,6.026917,37000,428.3,132.3,0
48.646483,6.070452,37000,427.7,132.0,0
48.62059,6.114032,37000,426.3,132.0,-64
48.594681,6.157344,37000,425.5,132.1,0
48.568788,6.20077,37000,424.9,131.9,0
48.542999,6.243896,37000,424.1,132.0,0
48.517044,6.287138,37000,423.4,132.1,0
48.491139,6.330004,37000,423.3,132.3,0
48.464996,6.373197,37000,422.6,132.2,0
48.439178,6.416086,37000,422.6,132.2,0
48.413361,6.458623,37000,424.0,132.4,0
48.38742,6.501232,37000,424.0,132.4,0
48.361444,6.544021,37000,423.3,132.3,0
48.335328,6.586954,37000,424.0,132.4,-64
48.309352,6.629599,37000,423.3,132.3,0
48.283218,6.672504,37000,424.0,132.4,64
48.256989,6.715252,37000,423.9,132.6,0
48.240967,6.740835,37000,423.6,133.9,64
48.230621,6.755817,37000,424.4,136.5,-64
48.211639,6.7816,37000,425.5,137.9,0
48.182683,6.820558,37000,424.9,138.2,64
48.153728,6.859342,37000,424.9,138.1,64
48.124772,6.898287,37000,424.9,138.1,0
48.107712,6.920769,37000,425.0,139.7,64
48.098936,6.931105,37000,425.8,142.5,0
48.088303,6.942329,37000,426.1,145.2,0
48.076917,6.953219,37000,426.8,148.0,0
48.043625,6.983185,37000,427.5,148.9,0
48.010162,7.013329,37000,427.5,148.9,0
47.976608,7.043404,37000,427.0,149.0,0
47.942986,7.073435,37000,427.0,149.0,0
47.909236,7.103647,37000,427.0,149.0,64
47.876312,7.133148,37000,426.2,148.9,0
47.842945,7.163016,37000,426.2,148.9,0
47.809708,7.192749,37000,427.0,149.0,0
47.776236,7.222595,37000,427.0,149.0,0
47.742672,7.252596,37000,427.5,148.9,0
47.709,7.2827,37000,427.5,148.9,0
47.675776,7.312528,37000,427.5,148.9,0
47.642026,7.34267,37000,428.4,148.9,0
47.608109,7.372787,37000,429.3,149.0,0
47.574509,7.402519,37000,429.3,149.0,-64
47.541046,7.432045,37000,429.6,149.2,0
47.506989,7.462051,37000,428.7,149.1,-64
47.473801,7.491371,37000,429.3,149.0,0
47.440384,7.520966,37000,429.3,149.0,0
47.407104,7.550354,37000,430.1,149.1,0
47.373459,7.579948,37000,430.1,149.1,0
47.340179,7.609268,37000,431.0,149.1,0
47.306291,7.63916,37000,431.5,149.0,0
47.272842,7.668594,37000,432.3,149.1,0
47.239395,7.697895,37000,433.2,149.2,64
47.205368,7.727509,37000,433.6,149.4,-64
47.171494,7.756966,37000,434.4,149.4,0
47.137756,7.786285,37000,434.9,149.3,0
47.103699,7.815742,37000,435.8,149.4,-64
47.069247,7.845576,37000,435.8,149.4,64
47.034851,7.875412,37000,436.3,149.3,0
47.00035,7.905367,37000,437.2,149.3,0
46.965808,7.935157,37000,436.6,149.4,0
46.931854,7.964401,37000,437.5,149.5,0
46.897385,7.994064,37000,437.5,149.5,0
46.863052,8.02357,37000,437.5,149.5,0
46.828432,8.053322,37000,438.0,149.4,0
46.794263,8.082642,37000,438.4,149.6,0
46.759628,8.112236,37000,438.4,149.6,0
46.725174,8.141673,37000,438.4,149.6,0
46.690613,8.171216,37000,438.4,149.6,0
46.65564,8.201026,37000,438.4,149.6,0
46.621275,8.230339,37000,438.4,149.6,0
46.587199,8.259247,37000,438.7,149.8,0
46.552689,8.288448,37000,438.7,149.8,0
46.518036,8.317722,37000,438.7,149.8,0
46.483475,8.34693,37000,438.4,149.6,0
46.448613,8.376526,37000,438.4,149.6,0
46.414583,8.405365,37000,438.7,149.8,0
46.379948,8.434479,37000,439.6,149.8,0
46.345779,8.463224,37000,439.6,149.8,0
46.311218,8.492231,37000,439.6,149.8,64
46.277115,8.520768,37000,439.1,149.9,-64
46.242759,8.549492,37000,438.2,149.9,0
46.207626,8.578782,37000,437.7,150.0,0
46.173209,8.607376,37000,437.2,150.1,0
46.139273,8.635529,37000,437.7,150.0,0
46.104309,8.664796,37000,437.5,149.5,0
46.084259,8.68275,37000,437.3,147.8,0
46.050751,8.713163,37000,436.4,147.7,0
46.017426,8.743442,37000,436.4,147.7,0
45.983688,8.77399,37000,435.9,147.8,0
45.950038,8.804237,37000,436.7,147.9,-64
45.91666,8.834106,37000,436.7,147.9,64
45.882677,8.864594,37000,436.7,147.9,0
45.848511,8.895375,37025,437.3,147.8,64
45.814711,8.925636,37000,437.6,148.0,0
45.780681,8.956123,37000,437.6,148.0,0
45.74707,8.986147,37000,437.6,148.0,0
45.713379,9.016158,37000,438.4,148.1,0
45.683167,9.043155,37000,438.1,147.9,-384
45.676311,9.04937,36950,438.9,147.9,-832
45.647774,9.074776,36700,442.6,147.9,-896
45.620041,9.099627,36450,441.7,147.9,-960
45.592238,9.12442,36200,437.9,148.2,-896
45.563507,9.149602,35950,439.1,148.4,-1024
45.535858,9.173715,35675,442.7,148.4,-896
45.507889,9.198172,35425,446.3,148.4,-896
45.479535,9.223156,35175,445.9,148.2,-960
45.459191,9.241177,35025,444.2,148.1,-512
45.450989,9.248396,35000,443.7,148.2,-64
45.417061,9.27849,35000,443.4,148.0,64
45.382427,9.309238,35000,443.4,148.0,0
45.348221,9.339294,35000,443.2,148.3,64
45.330893,9.354523,35000,443.2,148.3,-384
45.325679,9.359079,34975,443.2,148.3,-832
45.300018,9.381474,34700,443.2,148.3,-1024
45.272237,9.405905,34450,441.0,148.3,-1024
45.246552,9.428428,34175,441.5,148.1,-1024
45.218719,9.452754,33925,443.2,148.3,-960
45.190613,9.477343,33675,443.2,148.3,-896
45.162328,9.5017,33425,439.2,148.9,-1024
45.134117,9.526017,33150,442.1,148.5,-960
45.106384,9.549931,32900,441.1,148.7,-1024
45.07814,9.574258,32625,442.1,148.5,-1024
45.050171,9.598519,32350,442.3,148.2,-960
45.021515,9.623631,32075,442.3,148.2,-1024
44.993179,9.648285,31825,443.2,148.3,-896
44.964661,9.67307,31550,444.0,148.4,-960
44.936462,9.697527,31300,447.1,148.4,-960
44.90764,9.722297,31050,449.3,148.5,-960
44.87915,9.7469,30800,448.8,148.6,-1024
44.850009,9.771669,30550,443.7,148.9,-960
44.822891,9.794769,30275,445.6,148.8,-1024
44.793913,9.819634,30025,449.3,148.5,-896
44.765051,9.844554,29750,451.6,148.5,-960
44.736421,9.869273,29500,453.8,148.5,-960
44.707466,9.894059,29225,451.9,148.7,-960
44.678421,9.918627,28975,452.4,149.3,-1024
44.666794,9.92739,28825,453.1,152.2,-1472
44.657515,9.93365,28675,453.6,154.7,-1920
44.649927,9.938273,28550,453.9,157.1,-2368
44.640427,9.943477,28325,453.7,158.8,-2816
44.633634,9.946914,28150,453.9,160.6,-3264
44.629852,9.948709,28025,453.5,161.5,-3648
44.62587,9.950474,27900,453.5,161.9,-4032
44.613968,9.955183,27500,453.4,165.0,-4160
44.603096,9.958771,27125,453.0,167.4,-4224
44.591446,9.961853,26725,452.6,170.2,-4416
44.580688,9.964076,26350,452.7,171.7,-4224
44.569611,9.9663,25950,451.7,171.7,-4544
44.559128,9.968458,25550,451.7,171.7,-4480
44.555237,9.969243,25425,452.5,171.9,-4096
44.551935,9.969892,25325,452.4,172.0,-3712
44.5497,9.970361,25275,452.4,172.0,-3328
44.54579,9.971098,25175,451.4,172.0,-2880
44.542007,9.971858,25100,450.4,172.0,-2496
44.52475,9.975259,24750,443.5,171.8,-2944
44.509689,9.978333,24350,438.5,171.7,-3008
44.494171,9.981537,23975,433.9,171.4,-3136
44.480484,9.984414,23575,431.9,171.3,-3456
44.46611,9.987553,23175,429.1,171.1,-3328
44.452732,9.990458,22775,426.3,171.0,-3584
44.440116,9.993271,22375,424.3,170.9,-3712
44.429689,9.995616,22050,423.2,171.0,-3264
44.414932,9.998801,21650,420.1,171.1,-3392
44.402023,10.001613,21250,416.9,171.2,-3328
44.38821,10.004593,20850,413.8,171.2,-3456
44.376068,10.007172,20475,411.7,171.3,-3648
44.364096,10.009751,20075,409.7,171.3,-3520
44.350689,10.012564,19675,407.6,171.4,-3584
44.338989,10.015019,19300,405.6,171.4,-3584
44.326767,10.017635,18900,403.6,171.3,-3456
44.314041,10.020381,18500,401.8,171.1,-3456
44.302185,10.022932,18100,400.7,171.2,-3776
44.290265,10.025493,17725,399.7,171.2,-3520
44.278015,10.028163,17325,398.0,170.9,-3456
44.265406,10.030987,16925,396.0,170.9,-3584
44.254512,10.033465,16550,395.1,170.8,-3712
44.242083,10.036212,16150,393.9,170.9,-3264
44.229793,10.038958,15775,391.9,170.9,-3456
44.217957,10.041635,15375,390.9,170.9,-3840
44.207016,10.043989,14975,390.6,171.2,-3776
44.196304,10.046343,14600,390.6,171.2,-3840
44.185272,10.048658,14200,390.5,171.3,-3776
44.173599,10.051149,13800,389.3,171.4,-3456
44.166824,10.052554,13600,389.5,171.3,-3008
44.162292,10.053512,13475,388.5,171.3,-2688
44.160337,10.053929,13450,387.5,171.2,-2240
44.146866,10.056834,13175,380.4,171.2,-1792
44.129799,10.060534,12950,370.4,171.1,-1408
44.115005,10.063732,12725,361.4,171.1,-1472
44.097352,10.067596,12475,352.3,171.0,-1472
44.089205,10.069362,12350,346.2,171.0,-1152
44.08374,10.070567,12300,342.1,171.1,-704
44.071564,10.073185,12225,333.1,171.0,-576
44.059784,10.075771,12150,323.9,171.1,-576
44.048519,10.07819,12075,314.7,171.2,-576
44.035675,10.080914,11975,305.6,171.1,-576
44.023361,10.083597,11900,296.4,171.3,-640
44.009583,10.086535,11775,287.4,171.2,-704
43.996008,10.089438,11650,278.3,171.1,-640
43.979575,10.09297,11575,269.1,171.2,-256
43.963933,10.09637,11475,262.2,171.0,-576
43.949549,10.099444,11350,259.1,171.1,-576
43.945918,10.100228,11325,258.1,171.1,-960
43.942985,10.100882,11250,257.0,171.3,-1408
43.934187,10.102713,11075,257.0,171.3,-1536
43.925248,10.104545,10875,256.8,171.5,-1472
43.915845,10.106506,10700,255.7,171.7,-1344
43.905976,10.108468,10525,254.6,171.9,-1216
43.896103,10.110488,10350,251.7,171.6,-1280
43.887222,10.11234,10175,249.9,171.2,-1408
43.877609,10.114384,9975,248.9,171.2,-1600
43.869919,10.116045,9775,248.9,171.2,-1664
43.861425,10.11782,9600,249.1,171.0,-1344
43.85286,10.119716,9425,248.1,171.0,-1472
43.84462,10.121547,9225,248.1,171.0,-1664
43.836008,10.123378,9050,247.8,171.4,-1408
43.827805,10.125115,8875,247.8,171.4,-1472
43.819342,10.12691,8675,248.1,171.0,-1600
43.81073,10.128756,8475,247.9,171.2,-1408
43.801758,10.130736,8300,246.9,171.1,-1408
43.793015,10.132652,8100,247.1,170.9,-1536
43.784866,10.134441,7925,246.3,170.6,-1280
43.774885,10.136653,7750,244.0,171.0,-1216
43.767471,10.138209,7650,242.7,171.5,-640
43.75914,10.139934,7575,238.6,171.6,-512
43.746185,10.142616,7450,235.6,171.5,-640
43.735336,10.144916,7325,234.6,171.4,-768
43.724189,10.147182,7200,233.6,171.4,-768
43.711945,10.149515,7050,233.1,172.4,-768
43.709758,10.149667,7025,231.4,176.5,-640
43.707337,10.149536,7000,231.0,180.0,-640
43.704731,10.149209,6975,230.9,185.0,-640
43.702286,10.148493,6950,229.3,191.1,-640
43.700029,10.14764,6925,229.0,195.2,-640
43.697282,10.146201,6900,229.0,199.4,-704
43.695923,10.145363,6900,228.1,205.4,-704
43.693791,10.143716,6850,228.0,209.7,-768
43.690659,10.140764,6800,227.7,214.8,-832
43.687692,10.137373,6750,228.5,220.0,-896
43.682831,10.131247,6675,228.5,223.1,-832
43.677777,10.124686,6575,227.8,223.2,-768
43.671772,10.116904,6475,227.1,223.4,-768
43.666139,10.10958,6375,226.4,223.2,-832
43.659947,10.101602,6275,225.7,223.0,-768
43.653671,10.093561,6175,225.7,223.0,-768
43.648315,10.086727,6075,225.0,222.8,-768
43.642181,10.078934,5975,224.4,222.3,-768
43.636019,10.071324,5875,224.5,221.9,-768
43.629135,10.062838,5775,223.8,221.7,-512
43.622406,10.05447,5700,222.3,222.1,-512
43.615164,10.045558,5625,222.4,221.7,-512
43.605528,10.033657,5550,223.1,221.9,-256
43.595718,10.021511,5500,223.0,222.3,-320
43.585785,10.009311,5450,224.6,221.6,-320
43.576898,9.998474,5375,221.1,221.3,-320
43.567062,9.986828,5325,219.3,220.0,-256
43.564282,9.983956,5325,220.0,216.9,-256
43.562073,9.982101,5300,219.9,211.2,-256
43.560232,9.980883,5300,219.6,206.2,-320
43.558319,9.979802,5275,221.2,202.0,-320
43.555391,9.978594,5275,222.3,195.7,-384
43.551015,9.977679,5250,224.8,184.9,-320
43.548362,9.977613,5225,225.0,180.5,-256
43.545801,9.977875,5225,226.5,176.2,-256
43.542801,9.978524,5200,228.5,169.9,-192
43.539796,9.979706,5200,230.4,163.6,-192
43.53677,9.981341,5175,231.8,157.4,-192
43.53447,9.982995,5175,232.7,151.2,-256
43.531036,9.986189,5150,233.5,147.1,-256
43.528839,9.98868,5150,234.0,141.1,-320
43.526575,9.991738,5125,234.8,135.4,-448
43.523037,9.997166,5100,236.6,131.6,-384
43.515244,10.009631,5025,235.5,130.5,-320
43.506325,10.023978,4975,234.8,130.3,-384
43.49826,10.03716,4900,235.0,130.0,-320
43.494733,10.043597,4875,235.6,125.8,-256
43.493042,10.0477,4875,236.2,117.8,-192
43.491894,10.051182,4875,236.9,113.6,-256
43.490982,10.054726,4850,236.9,109.7,-256
43.490204,10.059005,4850,237.9,103.9,-256
43.489845,10.062299,4825,238.2,97.7,-256
43.489613,10.066812,4825,239.2,95.8,-256
43.489655,10.070247,4800,240.0,89.3,-384
43.489975,10.076124,4775,239.9,85.0,-384
43.491195,10.089831,4725,239.9,82.8,-384
43.492359,10.102779,4650,238.9,82.8,-576
43.493709,10.117623,4600,234.7,83.2,-384
43.494553,10.127223,4525,229.7,83.0,-704
43.495331,10.13559,4475,225.7,82.9,-576
43.49613,10.144828,4375,221.7,83.0,-832
43.497061,10.154833,4275,217.8,82.6,-896
43.49794,10.164014,4175,215.8,82.6,-960
43.49869,10.172424,4075,212.7,82.7,-832
43.499588,10.182154,3975,208.5,83.1,-896
43.500366,10.190866,3875,205.8,82.5,-832
43.500925,10.195639,3825,203.5,80.9,-768
43.50174,10.1994,3800,202.5,73.3,-640
43.503392,10.20401,3750,200.0,61.6,-512
43.504975,10.207084,3725,198.3,55.3,-512
43.506088,10.208918,3725,197.1,51.4,-576
43.508047,10.211857,3675,195.2,45.8,-640
43.511078,10.215752,3625,193.9,42.5,-576
43.515403,10.220686,3575,190.4,39.5,-384
43.522479,10.228468,3525,185.9,38.2,-448
43.52742,10.233637,3425,184.8,37.3,-768
43.532208,10.238538,3325,184.6,36.2,-960
43.536211,10.242528,3225,186.8,36.1,-1152
43.539843,10.24619,3125,188.2,36.1,-1152
43.543101,10.249459,3025,189.6,36.2,-1152
43.547384,10.253775,2925,189.4,36.6,-1024
43.551108,10.257634,2850,188.6,36.8,-1024
43.55484,10.261422,2750,187.8,37.0,-896
43.559441,10.2662,2650,187.8,37.0,-1024
43.563212,10.270124,2550,186.4,36.9,-960
43.567795,10.2749,2450,187.0,37.2,-896
43.572739,10.280009,2350,187.8,37.0,-960
43.577084,10.284446,2250,186.6,36.5,-896
43.580292,10.287738,2175,186.6,36.5,-1088
43.584067,10.291574,2075,188.0,36.6,-1024
43.58812,10.295659,1975,188.0,36.6,-960
43.592353,10.30001,1875,188.0,36.6,-960
43.595764,10.303515,1800,187.2,36.8,-1024
43.599564,10.307475,1700,186.4,36.9,-896
43.604178,10.312238,1600,183.6,36.8,-960
43.607895,10.316098,1500,178.6,36.8,-1024
43.612381,10.320697,1400,175.6,37.1,-832
43.616867,10.32536,1300,170.8,36.7,-832
43.621262,10.329831,1200,166.6,36.5,-896
43.625312,10.333949,1100,162.2,36.7,-896
43.629828,10.338593,1000,157.8,37.0,-896
43.633273,10.342124,900,155.0,36.9,-832
43.637787,10.346822,800,155.8,36.7,-768
43.642397,10.351541,700,154.4,36.6,-768
43.646667,10.356019,600,152.0,37.2,-704
43.651335,10.360827,500,151.8,35.9,-768
43.655869,10.365409,400,152.0,37.2,-768
43.659714,10.369433,300,152.8,37.0,-768
43.66452,10.374415,200,152.8,37.0,-768
43.668365,10.378375,125,152.0,37.2,-768
43.671936,10.38208,25,152.8,37.0,-768
