lat,lon,alt,gs,track,vs
31.91249,-9.230421,37050,452.6,31.0,2240
31.914093,-9.22923,37075,452.6,31.0,2240
31.915878,-9.227966,37075,452.6,31.0,1248
31.929063,-9.218762,37250,453.4,30.9,1248
31.937851,-9.212585,37400,453.4,30.9,1728
31.962296,-9.195392,37775,452.6,31.0,1728
31.987672,-9.177564,38125,452.1,30.9,1728
32.006927,-9.164026,38300,453.4,30.9,960
32.036366,-9.143259,38575,456.2,31.0,992
32.065414,-9.1228,38875,457.6,31.0,992
32.06723,-9.121511,38875,457.6,31.0,992
32.117134,-9.086254,39600,456.2,31.0,1472
32.140274,-9.069873,39925,451.7,31.0,1280
32.173508,-9.0464,40000,452.6,31.0,-224
32.197723,-9.029279,40000,451.7,31.0,-224
32.226857,-9.008677,40000,451.7,31.0,-224
32.254807,-8.988849,40000,451.7,31.0,0
32.286677,-8.966245,40000,448.1,31.0,-32
32.32251,-8.940839,40000,449.5,31.1,384
32.344986,-8.924854,40000,450.9,31.1,320
32.363069,-8.911986,40000,452.2,31.2,-128
32.398961,-8.886482,40000,453.1,31.1,-160
32.434248,-8.861427,40000,454.5,31.1,128
32.466797,-8.838226,40000,453.6,31.2,-32
32.502319,-8.812848,40000,452.2,31.2,128
32.536377,-8.788568,40000,452.2,31.2,64
32.572042,-8.763054,40000,453.6,31.2,32
32.607056,-8.737976,40000,453.6,31.2,-32
32.64215,-8.712887,40000,455.0,31.2,-160
32.676224,-8.688538,40000,455.0,31.2,-128
32.711151,-8.663489,40000,455.0,31.2,-288
32.712936,-8.66217,40000,455.0,31.2,-288
32.714539,-8.661038,40000,454.5,31.1,224
32.74704,-8.637726,40000,452.8,31.3,-64
32.781993,-8.612609,40000,452.8,31.3,0
32.817047,-8.587385,40000,451.9,31.3,-64
32.852147,-8.562105,40000,452.8,31.3,64
32.887666,-8.536545,40000,454.1,31.3,0
32.922729,-8.511218,40000,455.5,31.4,-192
32.957914,-8.485817,40025,456.4,31.3,-128
32.993912,-8.459857,40000,457.7,31.3,128
33.030075,-8.433655,40000,457.7,31.3,-160
33.065598,-8.408002,40025,457.7,31.3,64
33.100876,-8.3824,40000,457.7,31.3,-64
33.137283,-8.355981,40000,458.3,31.4,-64
33.171216,-8.331336,40025,459.6,31.5,32
33.209435,-8.30359,40000,461.0,31.5,96
33.244949,-8.277704,40000,461.0,31.5,32
33.280975,-8.251501,40000,459.6,31.5,96
33.316599,-8.225565,40000,456.0,31.5,32
33.351929,-8.199811,40000,453.8,31.5,-32
33.386215,-8.174707,40000,451.6,31.5,64
33.421388,-8.149053,40025,451.6,31.5,0
33.456573,-8.123291,40000,453.0,31.5,-64
33.492371,-8.097089,40000,453.8,31.5,-32
33.527248,-8.071476,40000,454.3,31.6,64
33.56218,-8.04586,40000,454.3,31.6,-64
33.597402,-8.019962,40000,453.5,31.7,-96
33.632362,-7.99427,40000,452.1,31.6,64
33.666858,-7.968922,40000,449.9,31.6,32
33.702072,-7.942947,40000,447.6,31.7,32
33.736779,-7.917366,40000,447.6,31.7,64
33.771194,-7.891939,40000,448.5,31.6,128
33.805893,-7.866323,40000,449.9,31.6,-64
33.841095,-7.840315,40000,451.2,31.7,-32
33.877075,-7.81369,40025,452.6,31.7,32
33.912735,-7.787289,40000,452.6,31.7,64
33.948219,-7.760983,40000,453.5,31.7,64
33.983734,-7.734599,40000,453.5,31.7,32
34.019073,-7.70831,40000,454.0,31.8,-96
34.054265,-7.68219,40000,453.2,31.8,-32
34.089386,-7.656013,40000,453.2,31.8,0
34.125092,-7.629388,40000,453.2,31.8,-32
34.160431,-7.603044,40000,454.5,31.9,-32
34.19597,-7.576447,40025,454.5,31.9,0
34.231293,-7.550074,40025,456.8,31.9,32
34.267102,-7.523289,40000,458.1,31.9,0
34.302658,-7.496712,40000,459.5,31.9,-64
34.337908,-7.470245,40025,460.4,31.9,32
34.373566,-7.443518,40000,460.4,31.9,-128
34.409087,-7.416744,40000,458.7,32.0,64
34.444839,-7.389875,40000,456.8,31.9,-32
34.479799,-7.363586,40000,455.9,31.9,-160
34.514527,-7.337437,40025,456.4,32.0,-64
34.549954,-7.310658,40000,456.4,32.0,32
34.585236,-7.284048,40000,456.4,32.0,-96
34.620621,-7.257311,40000,455.1,32.0,-96
34.655394,-7.230949,40000,454.2,32.0,64
34.690216,-7.204628,40000,451.5,32.0,160
34.725223,-7.178078,40000,449.8,32.1,32
34.759918,-7.151763,40000,448.4,32.1,32
34.794912,-7.125206,40000,447.5,32.1,0
34.829779,-7.098713,40000,451.1,32.1,-96
34.865295,-7.071608,40000,458.3,32.2,-128
34.867254,-7.070103,40025,459.2,32.1,384
34.870885,-7.067356,40025,459.2,32.1,128
34.906823,-7.040005,40000,465.6,32.2,32
34.942715,-7.012596,40000,469.2,32.2,-64
34.978793,-6.985016,40000,470.0,32.1,128
35.015942,-6.956577,40000,469.2,32.2,-32
35.05188,-6.929111,40000,466.9,32.2,64
35.088004,-6.901417,40000,465.6,32.2,32
35.123932,-6.87391,40025,465.6,32.2,-32
35.159317,-6.846725,40000,466.9,32.2,-32
35.194981,-6.819363,40025,466.9,32.2,32
35.231897,-6.790953,40000,466.9,32.2,64
35.266754,-6.764088,40025,466.1,32.3,-32
35.302564,-6.736431,40000,463.9,32.3,32
35.338083,-6.709023,40025,463.0,32.4,-96
35.373556,-6.681616,40000,461.6,32.3,0
35.408752,-6.654396,40000,461.6,32.3,0
35.444967,-6.626334,40025,461.6,32.3,-128
35.480484,-6.598835,40025,461.6,32.3,0
35.516235,-6.571083,40000,463.0,32.4,32
35.551572,-6.543644,40000,465.8,32.5,0
35.587967,-6.51535,40025,469.4,32.5,64
35.624286,-6.487076,40025,473.8,32.4,128
35.660843,-6.458588,40025,476.6,32.5,-96
35.697466,-6.429982,40025,476.6,32.5,-224
35.733994,-6.401482,40025,473.5,32.6,-64
35.770553,-6.372888,40025,468.5,32.5,64
35.806166,-6.344955,40000,464.1,32.6,0
35.841385,-6.317368,40025,461.9,32.6,224
35.857187,-6.304341,40000,461.6,34.6,32
35.891281,-6.274738,40000,463.6,35.2,0
35.925945,-6.244793,40000,465.8,35.1,32
35.960673,-6.214872,40025,468.3,34.9,64
35.995468,-6.185074,40025,470.5,34.9,-32
36.030167,-6.155262,40000,471.9,34.9,-32
36.065552,-6.124878,40025,471.1,35.0,-32
36.101074,-6.094315,40000,469.7,34.9,0
36.135942,-6.064278,40025,468.8,35.0,0
36.171135,-6.033949,40025,468.8,35.0,96
36.206497,-6.003284,40025,470.3,35.5,128
36.219727,-5.990925,40025,471.2,37.7,64
36.234772,-5.975744,40025,472.8,39.8,-128
36.250647,-5.958622,40025,473.9,41.7,32
36.265776,-5.941208,40025,476.0,43.5,-128
36.280609,-5.92289,40000,477.3,45.6,-64
36.311211,-5.884698,40025,476.6,45.2,32
36.341656,-5.846772,40025,476.6,45.3,-64
36.372334,-5.808437,40025,476.6,45.3,160
36.403152,-5.769768,40000,477.3,45.4,-96
36.433182,-5.732059,40025,475.9,45.4,-32
36.463623,-5.693723,40000,476.6,45.5,-32
36.493835,-5.655621,40000,475.9,45.6,0
36.524001,-5.61752,40000,475.2,45.5,0
36.554167,-5.579477,40025,474.5,45.6,32
36.584938,-5.540499,40000,475.9,45.6,192
36.592804,-5.530586,40000,475.9,45.6,-224
36.59355,-5.529629,40000,475.9,45.6,-736
36.594481,-5.528461,40000,475.9,45.6,448
36.596191,-5.526295,40000,475.9,45.6,-192
36.59788,-5.524136,40000,475.9,45.6,320
36.603561,-5.516911,40025,475.9,45.6,-96
36.634284,-5.478029,40000,477.3,45.6,-32
36.664719,-5.439377,40000,478.0,45.7,0
36.695663,-5.400124,40025,478.0,45.7,-256
36.697174,-5.398121,40000,478.0,45.7,-480
36.697967,-5.397151,40000,478.0,45.7,256
36.728073,-5.35881,40025,478.0,45.7,0
36.758485,-5.320071,40000,478.0,45.7,-96
36.789185,-5.280876,40000,477.3,45.8,-96
36.819397,-5.24231,40025,477.3,45.8,0
36.849655,-5.203629,40025,478.8,45.8,-32
36.880405,-5.164291,40025,479.5,45.8,0
36.911037,-5.125062,40000,480.2,45.8,32
36.941254,-5.086319,40000,480.9,45.8,32
36.971461,-5.047442,40000,481.6,45.9,96
37.0009,-5.009941,40000,480.8,45.0,96
37.012427,-4.99651,40000,480.0,42.3,-96
37.025881,-4.98218,40000,478.5,39.9,224
37.040778,-4.967492,40000,477.0,37.6,-160
37.045212,-4.963366,40000,476.2,37.1,96
37.050367,-4.958655,40000,476.8,36.6,-288
37.051254,-4.957873,40000,476.1,36.0,864
37.053207,-4.956148,40000,475.7,35.8,864
37.054138,-4.95536,40000,475.7,35.8,-448
37.055721,-4.953938,40000,475.3,35.5,0
37.063156,-4.947588,40000,474.9,34.4,96
37.064054,-4.946833,40000,474.6,34.1,-512
37.065171,-4.945878,40025,474.3,33.8,-512
37.066288,-4.944982,40000,474.3,33.8,896
37.067184,-4.944257,40000,474.0,33.6,896
37.068283,-4.94338,40000,474.0,33.6,-288
37.07048,-4.941569,40025,473.5,33.0,-320
37.071409,-4.940803,40000,473.5,33.0,832
37.072526,-4.939967,40000,473.5,33.0,832
37.073271,-4.93937,40000,473.2,32.8,-480
37.075506,-4.937638,40000,473.0,32.5,-192
37.076431,-4.936894,40000,473.0,32.5,320
37.091446,-4.925732,40000,471.5,30.3,128
37.093323,-4.924388,40000,471.3,30.0,-384
37.100189,-4.919713,40025,470.9,29.0,64
37.101156,-4.919009,40000,470.8,28.7,544
37.103065,-4.917755,40025,470.7,28.4,544
37.104034,-4.917142,40025,470.7,28.4,-64
37.105765,-4.915964,40000,470.2,28.0,192
37.106928,-4.915247,40000,470.1,27.8,-736
37.108092,-4.914471,40000,470.1,27.8,-736
37.109024,-4.913869,40000,470.1,27.5,-128
37.124588,-4.904344,40000,467.4,25.5,-32
37.140586,-4.895484,40000,465.5,23.1,0
37.17941,-4.875183,40000,463.8,23.0,-64
37.219116,-4.854321,40025,463.0,22.7,-96
37.258621,-4.833634,40000,461.7,22.7,32
37.297668,-4.81318,40025,461.7,22.7,64
37.336943,-4.792666,40000,462.6,22.6,-128
37.376175,-4.772099,40000,461.7,22.7,-416
37.377365,-4.771456,40000,461.7,22.7,256
37.415709,-4.751348,40000,460.8,22.7,-32
37.454407,-4.731017,40025,459.8,22.8,0
37.492859,-4.710797,40000,459.8,22.8,-128
37.531066,-4.690625,40000,459.8,22.8,-96
37.569518,-4.670384,40025,459.8,22.8,64
37.608063,-4.650023,40000,462.1,22.8,-64
37.646851,-4.62951,40000,462.1,22.8,0
37.686085,-4.608765,40000,462.1,22.8,96
37.724533,-4.588428,40025,462.1,22.8,128
37.744042,-4.578075,40025,462.5,22.9,0
37.782681,-4.557595,40000,462.1,22.8,160
37.821442,-4.537003,40000,461.2,22.8,-64
37.859894,-4.516608,40000,460.2,22.9,-64
37.898712,-4.495921,40000,460.2,22.9,-160
37.937897,-4.475059,40000,460.2,22.9,-32
37.976897,-4.45424,40000,460.2,22.9,-32
38.015488,-4.433568,40000,459.3,22.9,-96
38.054214,-4.412822,40000,459.3,22.9,-64
38.091881,-4.39268,40000,458.4,23.0,128
38.130661,-4.371857,40000,457.5,23.0,-192
38.169296,-4.351112,40000,459.3,22.9,-64
38.208115,-4.33025,40000,460.6,23.0,192
38.21692,-4.325508,40000,461.5,23.0,0
38.255884,-4.304551,40025,462.5,22.9,224
38.266342,-4.298927,40000,462.9,23.0,-32
38.30509,-4.27804,40000,461.9,23.1,-64
38.344208,-4.25691,40025,461.9,23.1,192
38.382879,-4.236006,40000,460.6,23.0,-32
38.421844,-4.214929,40000,460.1,23.2,-64
38.42775,-4.211764,40025,459.7,23.0,-192
38.428686,-4.211182,40025,459.7,23.0,512
38.430862,-4.210033,40000,459.7,23.0,192
38.432053,-4.209436,40000,459.7,23.0,-512
38.435343,-4.207581,40000,459.7,23.0,-288
38.449029,-4.200195,40000,458.8,23.1,32
38.487442,-4.179343,40000,457.9,23.1,256
38.493859,-4.175842,40000,457.9,23.1,0
38.494858,-4.175342,40000,457.9,23.1,-480
38.496826,-4.174267,40000,457.9,23.1,64
38.502052,-4.171387,40000,457.9,23.1,32
38.502844,-4.171021,40000,457.9,23.1,-448
38.505544,-4.169495,40000,457.9,23.1,-224
38.530496,-4.156006,40000,457.9,23.1,32
38.568296,-4.135437,40025,458.8,23.1,-96
38.602158,-4.117007,40025,461.4,23.2,32
38.603117,-4.116516,40025,461.4,23.2,576
38.603909,-4.116089,40000,461.4,23.2,32
38.642501,-4.095032,40000,464.2,23.1,0
38.680813,-4.074158,40000,464.6,23.2,32
38.720289,-4.052612,40000,463.2,23.1,288
38.726574,-4.049194,40000,463.2,23.1,256
38.727539,-4.048641,40000,463.2,23.1,-384
38.733277,-4.045532,40000,462.7,23.3,0
38.755096,-4.033595,40025,461.4,23.2,32
38.756088,-4.03302,40025,461.4,23.2,896
38.757065,-4.03252,40000,461.4,23.2,-192
38.796402,-4.010986,40000,459.2,23.2,64
38.834994,-3.989807,40000,457.9,23.1,-160
38.843932,-3.984924,40000,456.9,23.2,-256
38.845096,-3.984314,40000,456.9,23.2,480
38.848022,-3.982663,40000,456.9,23.2,480
38.849167,-3.982066,40000,456.9,23.2,-256
38.850723,-3.981171,40000,456.9,23.2,-64
38.851868,-3.980574,40000,456.9,23.2,416
38.854406,-3.979187,40000,456.9,23.2,96
38.871689,-3.969707,40025,456.9,23.2,96
38.872655,-3.969177,40025,456.9,23.2,-416
38.879059,-3.965646,40000,456.4,23.4,-480
38.879837,-3.965229,40000,456.4,23.4,352
38.880801,-3.964661,40000,456.4,23.4,-128
38.899795,-3.954224,40000,456.0,23.2,96
38.907761,-3.949884,40000,455.6,23.1,-32
38.908905,-3.949227,40000,455.6,23.1,608
38.909897,-3.94873,40000,455.6,23.1,-576
38.911652,-3.947734,40000,455.6,23.1,384
38.919952,-3.943176,40000,456.0,23.2,-32
38.958435,-3.922059,40000,454.7,23.2,-64
38.962873,-3.919617,40025,455.1,23.3,256
38.972137,-3.91449,40000,455.1,23.3,128
38.973129,-3.913939,40000,455.1,23.3,-448
38.98182,-3.90918,40000,455.1,23.3,-128
38.989966,-3.904663,40000,455.1,23.3,192
39.028519,-3.883428,40000,456.0,23.2,224
39.042664,-3.87561,40000,457.3,23.3,-160
39.081209,-3.854309,40025,458.7,23.4,32
39.086655,-3.851318,40025,459.6,23.3,-160
39.088806,-3.850111,40000,459.6,23.3,480
39.089584,-3.849693,40025,459.6,23.3,-192
39.106952,-3.840088,40000,459.6,23.3,96
39.107941,-3.839543,40000,459.6,23.3,-736
39.108719,-3.839125,40000,459.6,23.3,32
39.111049,-3.83783,40025,459.6,23.3,32
39.112015,-3.837274,40025,459.6,23.3,640
39.113754,-3.836318,40000,458.7,23.4,32
39.114944,-3.835662,40000,458.7,23.4,32
39.116089,-3.835005,40000,458.7,23.4,-480
39.118835,-3.833512,40000,458.7,23.4,-480
39.119801,-3.832947,40000,458.7,23.4,288
39.120804,-3.832437,40000,458.7,23.4,288
39.121948,-3.83178,40025,458.7,23.4,-576
39.123138,-3.831124,40025,458.7,23.4,448
39.124283,-3.830527,40000,458.3,23.3,448
39.125061,-3.830049,40000,458.3,23.3,-288
39.129364,-3.82772,40000,458.3,23.3,-512
39.130142,-3.827243,40000,458.3,23.3,224
39.142006,-3.82074,40025,457.3,23.3,-224
39.150153,-3.816223,40025,457.3,23.3,-288
39.151108,-3.815659,40025,457.3,23.3,480
39.156967,-3.812435,40025,457.3,23.3,256
39.157927,-3.81189,40025,457.3,23.3,-576
39.15889,-3.81136,40000,457.3,23.3,480
39.159882,-3.810852,40000,457.3,23.3,480
39.160627,-3.810425,40000,457.3,23.3,-224
39.168961,-3.805807,40025,456.4,23.4,-192
39.170151,-3.805151,40025,456.4,23.4,896
39.170929,-3.804733,40025,456.4,23.4,896
39.171893,-3.804138,40000,456.4,23.4,64
39.173056,-3.803528,40000,456.4,23.4,64
39.173801,-3.803101,40000,456.4,23.4,-448
39.175964,-3.801926,40025,456.4,23.4,256
39.180412,-3.799438,40025,456.4,23.4,128
39.184275,-3.797302,40000,455.1,23.3,-192
39.192215,-3.79291,40000,455.1,23.3,-480
39.192993,-3.792492,40025,455.1,23.3,416
39.195076,-3.791321,40000,455.1,23.3,416
39.19606,-3.790761,40000,455.1,23.3,-192
39.211487,-3.782223,39975,454.2,23.4,-96
39.212631,-3.781566,40000,453.3,23.4,-1408
39.214554,-3.780491,40025,453.3,23.4,608
39.218399,-3.778342,40025,453.3,23.4,832
39.219376,-3.777832,40000,453.3,23.4,-352
39.223434,-3.775595,40025,452.9,23.3,-352
39.224167,-3.775177,40025,452.9,23.3,672
39.225723,-3.774281,40000,452.9,23.3,672
39.226868,-3.773684,40000,452.9,23.3,192
39.235902,-3.768677,40025,452.0,23.3,96
39.236847,-3.768131,40025,452.0,23.3,-384
39.242047,-3.765259,40000,452.0,23.3,-288
39.243164,-3.764587,40025,452.0,23.3,256
39.247971,-3.761981,40025,452.0,23.3,512
39.249115,-3.761325,40025,452.0,23.3,-416
39.2501,-3.760803,40025,452.0,23.3,-416
39.250845,-3.760376,40000,452.0,23.3,128
39.251816,-3.759832,40000,452.0,23.3,128
39.25296,-3.759175,40000,452.0,23.3,-736
39.255081,-3.757996,40000,452.0,23.3,-96
39.256805,-3.757085,40000,451.0,23.4,-96
39.257584,-3.756608,40000,451.0,23.4,576
39.259271,-3.755676,40000,451.0,23.4,576
39.260435,-3.755066,40000,451.0,23.4,96
39.28804,-3.739746,40000,450.6,23.3,32
39.288785,-3.739319,40000,450.6,23.3,-864
39.290694,-3.73822,40000,451.0,23.4,-864
39.291641,-3.73774,40000,451.0,23.4,480
39.295486,-3.73559,40000,451.0,23.4,32
39.332565,-3.714931,40000,451.0,23.4,0
39.369926,-3.694153,40025,451.0,23.4,32
39.40754,-3.673157,40000,452.4,23.5,0
39.444855,-3.652357,40025,450.1,23.4,160
39.453278,-3.64764,40000,450.1,23.4,-224
39.462799,-3.642326,40000,449.2,23.5,-192
39.463729,-3.641785,40000,449.2,23.5,288
39.464722,-3.641251,40000,449.2,23.5,288
39.465454,-3.640833,40000,449.2,23.5,-384
39.468109,-3.639341,40000,449.2,23.5,-64
39.469082,-3.638794,40000,449.2,23.5,416
39.471363,-3.637512,40000,449.2,23.5,-160
39.50097,-3.620911,40000,447.0,23.5,-352
39.501938,-3.620413,40000,446.1,23.5,448
39.503082,-3.619756,40000,446.1,23.5,448
39.503996,-3.619263,40000,446.1,23.5,-32
39.527459,-3.60614,40000,444.7,23.5,-96
39.531006,-3.604113,40000,444.7,23.5,352
39.534209,-3.602295,40000,444.7,23.5,416
39.535,-3.601868,40000,444.7,23.5,-544
39.536862,-3.60083,40000,444.7,23.5,-544
39.537607,-3.600403,40000,444.7,23.5,160
39.543286,-3.597229,40000,444.7,23.5,0
39.580202,-3.576599,40025,443.4,23.4,320
39.590561,-3.570795,40025,443.8,23.5,320
39.591514,-3.570251,40000,443.8,23.5,-224
39.606597,-3.561829,40025,445.3,23.3,-96
39.618329,-3.555237,40025,445.7,23.4,160
39.621552,-3.55348,40000,445.7,23.4,-224
39.622696,-3.552823,40025,445.7,23.4,-832
39.624573,-3.551749,40000,446.6,23.4,-224
39.627228,-3.550256,40000,446.6,23.4,128
39.634622,-3.546143,40000,447.0,23.5,224
39.635786,-3.545471,40000,447.0,23.5,-384
39.640915,-3.542613,40000,447.4,23.6,-384
39.641837,-3.542053,40000,448.3,23.5,768
39.643746,-3.541016,40000,448.3,23.5,-192
39.646819,-3.539307,40000,448.3,23.5,-128
39.647736,-3.538732,40000,448.3,23.5,-704
39.64888,-3.538135,40000,448.3,23.5,544
39.649844,-3.537598,40000,447.9,23.4,544
39.650803,-3.53706,40000,447.9,23.4,-192
39.688762,-3.515747,40000,450.1,23.4,-96
39.726105,-3.494727,40000,453.3,23.4,-32
39.753387,-3.478964,40000,455.9,24.8,32
39.767715,-3.46959,40025,458.4,27.1,0
39.785451,-3.457031,40000,460.2,29.1,-32
39.804062,-3.4429,40000,461.5,30.9,-352
39.805847,-3.441408,40025,462.5,31.1,-352
39.806772,-3.440735,40025,462.2,31.3,416
39.814545,-3.434302,40025,463.3,32.2,320
39.815477,-3.433594,40000,463.2,32.7,-256
39.817246,-3.432068,40000,463.2,32.7,-768
39.818161,-3.431317,40000,463.8,32.8,-768
39.818893,-3.43066,40025,463.8,32.8,96
39.820831,-3.429016,40025,464.0,33.0,96
39.821576,-3.428406,40025,463.7,33.2,672
39.822274,-3.427795,40025,463.7,33.2,64
39.824043,-3.426208,40000,463.5,33.4,-864
39.826721,-3.423913,40000,464.3,33.8,-800
39.827627,-3.423096,40000,464.3,33.8,-128
39.830658,-3.42051,40000,464.3,33.8,64
39.831538,-3.419739,40000,464.3,33.8,576
39.833496,-3.418002,40000,464.3,33.8,-96
39.841736,-3.410956,39975,464.0,33.5,224
39.842664,-3.410217,40000,464.3,33.3,-576
39.844433,-3.408691,40000,464.3,33.3,-32
39.850205,-3.403809,40000,463.2,33.1,64
39.851974,-3.402344,40000,463.2,33.1,512
39.853045,-3.401428,40000,463.2,33.1,-448
39.85486,-3.399902,40000,463.2,33.1,64
39.856443,-3.398499,40000,462.4,33.2,64
39.857374,-3.397766,40000,462.4,33.2,640
39.859143,-3.39624,40000,462.4,33.2,256
39.861832,-3.393939,40000,462.4,33.2,-128
39.864869,-3.391357,40000,462.4,33.2,-224
39.865567,-3.390747,40000,462.4,33.2,512
39.866455,-3.389999,40000,462.4,33.2,512
39.867188,-3.389402,40025,462.4,33.2,0
39.873276,-3.384207,40025,462.1,33.3,256
39.874329,-3.383311,40000,462.1,33.3,928
39.875061,-3.382714,40000,462.1,33.3,928
39.876114,-3.381759,40000,462.1,33.3,-736
39.877899,-3.380266,40025,462.1,33.3,-736
39.878788,-3.379517,40025,462.1,33.3,128
39.880604,-3.377991,40000,462.1,33.3,-64
39.88147,-3.377221,40000,462.1,33.3,-800
39.883255,-3.375669,40025,462.1,33.3,-800
39.883987,-3.375072,40025,462.1,33.3,224
39.888245,-3.371429,40000,462.1,33.3,-224
39.889169,-3.370667,40000,462.1,33.3,-1088
39.890938,-3.369141,40000,462.1,33.3,160
39.892914,-3.367429,40000,462.1,33.3,-1376
39.893778,-3.366699,40025,462.6,33.5,608
39.895594,-3.365173,40050,462.6,33.5,608
39.896484,-3.364384,40000,462.6,33.5,1344
39.89827,-3.362831,39975,462.1,33.3,-1440
39.898956,-3.362234,40000,462.1,33.3,-1440
39.899876,-3.361511,40025,462.1,33.3,-2560
39.900947,-3.360596,40025,462.1,33.3,-2560
39.901645,-3.359924,40000,462.1,33.3,2592
39.90239,-3.359314,40000,462.1,33.3,-960
39.903787,-3.358093,40000,462.6,33.5,-960
39.904858,-3.357178,40025,462.6,33.5,128
39.91454,-3.348938,40025,462.6,33.5,-224
39.915239,-3.348328,40025,462.6,33.5,928
39.91864,-3.345397,40025,463.5,33.4,928
39.919693,-3.344501,40025,463.5,33.4,-480
39.924177,-3.340655,40000,464.0,33.5,-640
39.924875,-3.340031,40000,464.0,33.5,128
39.928299,-3.337097,40000,464.0,33.5,320
39.929031,-3.336487,40000,464.0,33.5,-608
39.931183,-3.334656,40000,464.8,33.4,-224
39.932236,-3.33374,40000,464.8,33.4,512
39.93493,-3.331417,40000,464.8,33.4,128
39.936539,-3.330017,40000,464.8,33.4,-64
39.940475,-3.32666,40000,465.4,33.5,-512
39.941401,-3.325861,40000,465.4,33.5,480
39.942472,-3.324925,40000,465.4,33.5,-672
39.943542,-3.323988,40000,465.4,33.5,-672
39.944458,-3.323242,40000,465.4,33.5,608
39.946243,-3.321716,40000,465.4,33.5,-160
39.948198,-3.319993,40000,466.8,33.5,-160
39.949315,-3.319057,40000,466.8,33.5,320
39.951279,-3.317383,40000,466.8,33.5,320
39.952155,-3.31656,40000,466.8,33.5,-480
39.95397,-3.315,40000,466.8,33.5,128
39.956856,-3.312565,40025,466.8,33.5,160
39.957555,-3.311941,40000,466.8,33.5,1472
39.958466,-3.311157,40000,466.8,33.5,-928
39.9637,-3.306635,40000,467.6,33.5,-576
39.9646,-3.305847,40000,467.6,33.5,1792
39.965698,-3.304932,40000,468.2,33.6,-928
39.970734,-3.300598,40000,468.2,33.6,-544
39.971466,-3.299988,40000,468.2,33.6,576
39.972358,-3.299207,40000,468.2,33.6,576
39.973103,-3.298583,40000,469.0,33.5,-96
39.974716,-3.29718,40025,469.0,33.5,1344
39.976362,-3.295774,39975,469.0,33.5,-736
39.977433,-3.294837,39975,469.0,33.5,-736
39.978333,-3.294006,40000,469.0,33.5,-2016
39.979248,-3.293277,40000,469.6,33.6,-2016
39.980118,-3.29248,40025,469.6,33.6,704
39.981064,-3.291716,40050,469.6,33.6,704
39.982134,-3.29078,39975,469.6,33.6,3008
39.98395,-3.289219,40025,469.6,33.6,3008
39.984833,-3.288391,40025,469.6,33.6,-3168
39.985765,-3.287659,40025,469.6,33.6,1760
39.987581,-3.286098,40000,470.4,33.5,0
39.989396,-3.284538,40000,470.4,33.5,-3648
39.991379,-3.282776,40000,470.4,33.5,-3648
39.992283,-3.281978,40000,470.4,33.5,1376
39.997559,-3.277466,40025,470.9,33.7,1312
39.998428,-3.276672,40025,470.9,33.7,-736
40.003006,-3.272766,39975,471.8,33.6,-800
40.003874,-3.271991,39975,471.8,33.6,-1568
40.00589,-3.270264,40025,471.8,33.6,-1568
40.006807,-3.269494,40025,471.8,33.6,1312
40.007721,-3.268677,40025,471.8,33.6,1856
40.009367,-3.267247,40025,471.8,33.6,1856
40.010066,-3.266622,40050,471.8,33.6,544
40.010971,-3.265869,40000,471.8,33.6,1536
40.012626,-3.264438,40000,471.8,33.6,1536
40.013697,-3.263501,40000,471.8,33.6,-2432
40.016257,-3.261316,40025,471.8,33.6,-2432
40.017151,-3.260559,40025,471.8,33.6,1408
40.018073,-3.259756,40025,471.8,33.6,1408
40.018982,-3.258972,40025,471.8,33.6,640
40.020081,-3.257996,40025,471.8,33.6,640
40.020813,-3.257385,40025,471.8,33.6,-576
40.025335,-3.253451,40025,471.8,33.6,-224
40.02626,-3.252686,40025,471.8,33.6,416
40.028966,-3.25033,40000,471.8,33.6,288
40.029877,-3.249512,40000,471.8,33.6,-192
40.031899,-3.247771,40025,471.8,33.6,-448
40.032806,-3.247009,40000,471.8,33.6,352
40.03553,-3.24465,40000,471.8,33.6,352
40.036228,-3.244025,40000,471.8,33.6,-320
40.048416,-3.233521,40000,470.4,33.5,-192
40.054184,-3.228516,40000,470.4,33.5,-192
40.055128,-3.227733,40000,470.4,33.5,320
40.059458,-3.223988,40000,469.0,33.5,512
40.060528,-3.223052,40000,469.0,33.5,-768
40.061462,-3.22229,40000,469.0,33.5,-768
40.062344,-3.221491,40000,469.0,33.5,-256
40.063248,-3.220703,40000,469.0,33.5,-256
40.064159,-3.21993,40000,469.0,33.5,576
40.066132,-3.218201,40000,469.0,33.5,416
40.06723,-3.217285,40000,468.2,33.6,-96
40.084488,-3.202271,40000,467.3,33.7,-128
40.085387,-3.201516,40000,467.3,33.7,-736
40.086458,-3.20058,40000,467.3,33.7,0
40.12175,-3.170044,40000,463.7,33.7,96
40.134733,-3.158757,40000,462.3,33.6,-32
40.138504,-3.155518,40000,462.3,33.6,-320
40.139557,-3.154602,40000,462.3,33.6,576
40.142029,-3.152466,40000,462.3,33.6,512
40.142926,-3.15164,40000,462.3,33.6,-384
40.144695,-3.150142,40000,462.3,33.6,-352
40.145765,-3.149206,40000,462.3,33.6,192
40.157684,-3.138855,40000,461.5,33.7,288
40.158567,-3.138095,40000,461.5,33.7,-320
40.161407,-3.13566,40000,461.5,33.7,0
40.196045,-3.105591,40000,461.5,33.7,0
40.211334,-3.092285,40000,462.3,33.6,-224
40.212195,-3.091528,40000,462.3,33.6,576
40.215225,-3.088867,40000,461.5,33.7,224
40.237101,-3.069867,40000,462.3,33.6,448
40.238172,-3.068931,40000,462.3,33.6,-320
40.240128,-3.067261,40025,462.3,33.6,-320
40.241011,-3.066496,40025,462.3,33.6,384
40.242599,-3.065063,40000,462.3,33.6,352
40.243525,-3.064312,40000,462.3,33.6,-480
40.245483,-3.062622,40000,462.3,33.6,64
40.277115,-3.034973,40000,462.9,33.7,288
40.27802,-3.034224,40000,462.9,33.7,-448
40.280488,-3.032039,40000,462.9,33.7,-64
40.299866,-3.015137,40000,462.1,33.8,-352
40.300784,-3.014374,40000,462.1,33.8,416
40.301855,-3.013437,40000,462.1,33.8,416
40.302553,-3.012813,40000,462.1,33.8,-384
40.307162,-3.008756,40000,462.1,33.8,-32
40.326667,-2.991714,40000,461.5,33.7,288
40.32756,-2.990967,40000,461.5,33.7,-736
40.328436,-2.990216,40000,461.5,33.7,-736
40.329346,-2.989441,40000,461.5,33.7,160
40.332184,-2.986938,40000,461.5,33.7,448
40.33287,-2.986328,40000,461.5,33.7,-352
40.334861,-2.984598,40000,461.5,33.7,448
40.33663,-2.983038,40000,461.5,33.7,-192
40.341238,-2.979043,40000,461.5,33.7,-160
40.341937,-2.978419,40000,461.5,33.7,320
40.344776,-2.975922,40000,461.5,33.7,-64
40.379551,-2.945522,40000,462.1,33.8,-128
40.415117,-2.914373,40000,463.5,33.8,-224
40.438522,-2.893921,40000,465.7,33.8,-32
40.455002,-2.879456,40000,467.1,33.8,-224
40.455688,-2.878845,40000,467.1,33.8,736
40.456595,-2.878043,39975,467.1,33.8,736
40.457293,-2.877419,40000,467.1,33.8,-1344
40.45841,-2.876483,40000,467.1,33.8,-1344
40.459109,-2.875859,40000,467.1,33.8,640
40.460179,-2.874922,40000,467.1,33.8,640
40.46109,-2.874084,40000,467.1,33.8,160
40.462875,-2.872559,40000,467.1,33.8,-544
40.465027,-2.870667,40000,467.1,33.8,384
40.467545,-2.868469,40000,467.1,33.8,384
40.468419,-2.867681,40000,467.1,33.8,-320
40.471115,-2.865295,40000,467.1,33.8,-224
40.480243,-2.857257,40025,467.1,33.8,-640
40.48114,-2.856445,40025,466.2,33.9,960
40.482059,-2.855696,40000,466.2,33.9,-160
40.483129,-2.85476,40000,467.1,33.8,-160
40.484024,-2.853943,40000,467.1,33.8,-800
40.486714,-2.851576,40000,467.1,33.8,-800
40.487595,-2.85083,40000,467.1,33.8,352
40.490845,-2.847961,40000,467.1,33.8,800
40.491742,-2.847207,40000,467.1,33.8,-256
40.494415,-2.844849,40025,467.1,33.8,-224
40.495326,-2.844023,40025,467.1,33.8,1024
40.496201,-2.843262,40000,467.1,33.8,1024
40.497095,-2.842463,40000,467.1,33.8,0
40.499084,-2.840759,40025,467.1,33.8,-672
40.500137,-2.839783,40000,467.1,33.8,256
40.501236,-2.838867,40000,467.1,33.8,256
40.501968,-2.838196,40025,467.1,33.8,-256
40.503566,-2.836782,40000,467.1,33.8,-256
40.50444,-2.835999,40000,467.1,33.8,-800
40.505539,-2.835083,40000,466.2,33.9,128
40.507662,-2.833162,40025,466.2,33.9,1120
40.508743,-2.832214,40000,466.2,33.9,1120
40.509842,-2.831299,40000,466.2,33.9,-352
40.510735,-2.830478,39975,466.2,33.9,-1632
40.51268,-2.828796,40000,466.2,33.9,-1632
40.513575,-2.827981,40000,466.2,33.9,-256
40.514645,-2.827044,40000,466.2,33.9,704
40.519501,-2.822815,40000,466.2,33.9,288
40.525771,-2.817307,40000,465.7,33.8,288
40.526842,-2.81637,40000,465.7,33.8,-512
40.528793,-2.814636,40000,465.7,33.8,288
40.534149,-2.809875,40000,465.7,33.8,448
40.534882,-2.809265,40000,465.7,33.8,-864
40.535934,-2.80835,40000,464.8,33.9,-864
40.536667,-2.807678,40000,464.8,33.9,32
40.537549,-2.806882,40025,464.8,33.9,800
40.539318,-2.805321,40000,464.8,33.9,800
40.540237,-2.804565,40000,464.8,33.9,96
40.542023,-2.802979,40000,464.8,33.9,-448
40.545742,-2.799703,40000,464.8,33.9,-96
40.551841,-2.794335,40025,464.8,33.9,-512
40.552734,-2.793579,40000,464.8,33.9,736
40.55361,-2.792775,40000,464.8,33.9,736
40.554308,-2.79215,40000,464.8,33.9,-32
40.565713,-2.7821,40000,464.0,33.9,-192
40.566458,-2.781476,40000,464.0,33.9,672
40.56839,-2.779724,40000,464.0,33.9,-576
40.572836,-2.775796,40000,464.0,33.9,-128
40.580521,-2.769043,40000,464.0,33.9,-160
40.581573,-2.768127,40000,464.0,33.9,384
40.584241,-2.765808,40000,464.0,33.9,384
40.585312,-2.764809,40000,464.0,33.9,-256
40.58601,-2.764185,40000,464.0,33.9,320
40.587779,-2.762625,40000,464.0,33.9,320
40.588669,-2.761841,40000,464.0,33.9,-448
40.589767,-2.760925,40000,464.0,33.9,320
40.594025,-2.757141,40000,463.2,34.0,320
40.595078,-2.756226,40000,463.2,34.0,-896
40.598648,-2.753052,40000,463.2,34.0,-640
40.59951,-2.752262,40000,463.2,34.0,416
40.603095,-2.749141,40000,463.2,34.0,544
40.604165,-2.748205,40000,463.2,34.0,-832
40.606796,-2.74585,40000,462.6,33.9,-672
40.607529,-2.745239,40000,463.2,34.0,256
40.609314,-2.743652,40000,463.2,34.0,256
40.610367,-2.742737,40000,463.2,34.0,800
40.611099,-2.742065,40000,463.2,34.0,-160
40.612839,-2.74054,40000,463.2,34.0,-928
40.614826,-2.738779,40000,462.6,33.9,352
40.6203,-2.733948,40000,462.6,33.9,-96
40.622086,-2.732361,40000,462.6,33.9,-320
40.623184,-2.731445,40000,462.6,33.9,-864
40.626557,-2.72848,40000,462.6,33.9,-640
40.627255,-2.727793,40025,462.6,33.9,1280
40.629227,-2.726074,40000,462.6,33.9,0
40.63028,-2.725159,40000,462.6,33.9,-928
40.631864,-2.723735,40000,462.6,33.9,-928
40.632751,-2.722961,39975,462.6,33.9,64
40.643595,-2.713373,40000,462.6,33.9,96
40.644293,-2.712749,40025,462.6,33.9,800
40.646988,-2.710388,40000,462.6,33.9,800
40.647675,-2.709778,40000,462.6,33.9,-192
40.651043,-2.706819,40025,462.6,33.9,0
40.653717,-2.704468,40000,463.2,34.0,288
40.654628,-2.703635,40000,463.2,34.0,800
40.655502,-2.702881,40025,463.2,34.0,-1856
40.656397,-2.702075,40000,463.2,34.0,-1856
40.657468,-2.701139,40025,463.2,34.0,-832
40.659237,-2.699578,40025,464.0,33.9,1280
40.660126,-2.698792,40025,464.0,33.9,1280
40.661006,-2.698017,40000,464.0,33.9,480
40.663519,-2.695833,40000,464.0,33.9,480
40.664383,-2.695007,40000,464.0,33.9,-896
40.665115,-2.694397,40025,464.0,33.9,-896
40.665987,-2.693585,40025,464.0,33.9,736
40.667587,-2.6922,40000,464.0,33.9,736
40.6685,-2.691401,40000,464.0,33.9,-928
40.670105,-2.690002,40000,464.0,33.9,-192
40.677933,-2.683044,40000,464.6,34.0,-96
40.678986,-2.682068,40025,464.6,34.0,576
40.681503,-2.679871,40000,464.6,34.0,576
40.682373,-2.679104,40000,464.6,34.0,1344
40.683975,-2.677673,40000,464.6,34.0,-800
40.684887,-2.676919,40000,464.6,34.0,-800
40.68576,-2.676086,40000,464.6,34.0,928
40.687727,-2.674359,40000,464.6,34.0,256
40.689496,-2.672799,40000,464.6,34.0,256
40.690194,-2.672175,40000,464.6,34.0,-224
40.695374,-2.667603,40000,464.8,33.9,-576
40.696292,-2.666806,40000,464.8,33.9,320
40.701462,-2.662231,40000,464.8,33.9,320
40.702148,-2.661621,40000,464.8,33.9,-288
40.704485,-2.659565,40000,464.8,33.9,-608
40.705184,-2.658941,40000,464.8,33.9,256
40.712494,-2.652466,40000,464.0,33.9,-64
40.736886,-2.630851,40000,464.0,33.9,-320
40.739725,-2.628354,40000,464.6,34.0,-64
40.774338,-2.597595,40000,462.4,34.1,-352
40.780701,-2.59198,40000,462.4,34.1,-384
40.781622,-2.59115,40000,462.4,34.1,352
40.783391,-2.58959,40000,461.8,34.0,352
40.78409,-2.588966,40000,461.8,34.0,-416
40.78516,-2.588029,40000,461.8,34.0,384
40.801733,-2.573298,40000,461.0,34.0,160
40.822169,-2.55507,40000,460.1,34.1,-288
40.83027,-2.547892,40025,459.6,34.0,64
40.830968,-2.547268,40000,459.6,34.0,608
40.833807,-2.544771,40000,459.6,34.0,608
40.834671,-2.543945,40000,459.6,34.0,-96
40.840511,-2.538778,40000,459.6,34.0,-64
40.841354,-2.538025,40000,459.6,34.0,1088
40.843506,-2.536133,40000,459.6,34.0,-288
40.845073,-2.534721,40000,459.6,34.0,864
40.847717,-2.532349,40000,459.6,34.0,864
40.848611,-2.5316,40000,459.6,34.0,-608
40.849503,-2.530823,40000,459.6,34.0,160
40.851929,-2.528625,40000,459.6,34.0,608
40.852847,-2.527854,40025,459.6,34.0,-704
40.853871,-2.526855,40000,459.6,34.0,-704
40.854767,-2.526123,40000,459.6,34.0,256
40.856711,-2.524359,40000,459.6,34.0,512
40.857559,-2.523621,40000,459.6,34.0,-1312
40.859178,-2.522174,40000,459.6,34.0,-1312
40.860203,-2.521237,40000,459.6,34.0,256
40.860901,-2.520613,40000,459.6,34.0,256
40.861816,-2.519836,40000,459.6,34.0,1056
40.863556,-2.51825,40000,459.6,34.0,-96
40.865341,-2.516724,40000,459.6,34.0,-352
40.868134,-2.51416,40000,459.6,34.0,-576
40.868866,-2.51355,40000,459.6,34.0,672
40.869919,-2.512634,40000,459.6,34.0,128
40.875006,-2.508066,40000,459.6,34.0,-256
40.876775,-2.506506,40025,459.6,34.0,864
40.878708,-2.504761,40000,459.6,34.0,-832
40.879761,-2.503845,40000,459.6,34.0,-832
40.880447,-2.503235,40000,459.6,34.0,-64
40.896467,-2.488903,40000,459.3,34.2,-512
40.897212,-2.488278,40000,459.3,34.2,800
40.898071,-2.487488,40000,459.3,34.2,800
40.899124,-2.486572,40000,459.3,34.2,-96
40.930801,-2.458313,40000,459.3,34.2,-192
40.93166,-2.457504,40000,459.3,34.2,384
40.934453,-2.455007,40000,459.3,34.2,32
40.966761,-2.426168,40000,457.9,34.1,-96
40.986237,-2.408752,40025,458.5,34.2,64
40.987289,-2.407776,40025,458.5,34.2,-1056
40.987976,-2.407166,40000,458.5,34.2,0
40.995111,-2.400575,40000,458.6,35.2,256
40.995987,-2.399719,40000,458.6,35.2,-1184
40.997681,-2.398071,40000,458.9,35.4,-1184
40.998367,-2.397461,40025,459.5,35.5,-32
41.006796,-2.389339,40000,460.6,36.3,-288
41.00766,-2.388489,40000,460.6,36.3,480
41.010194,-2.385968,40000,460.4,36.5,480
41.010892,-2.385282,40000,461.0,36.6,-160
41.028397,-2.367798,40000,461.6,37.3,-192
41.029083,-2.367126,40000,461.6,37.3,512
41.030777,-2.365417,40000,462.2,37.4,512
41.031464,-2.364685,40000,462.2,37.4,-160
41.047529,-2.348203,40000,463.7,38.1,-544
41.048355,-2.347351,40000,463.7,38.1,448
41.058282,-2.336904,40000,464.6,38.6,32
41.08905,-2.304382,39975,465.9,38.0,0
41.089891,-2.303508,40000,465.9,38.0,-480
41.091751,-2.301575,40000,466.7,38.0,-480
41.092758,-2.300537,40000,466.7,38.0,352
41.09464,-2.298577,40000,466.7,38.0,352
41.095664,-2.297516,40000,466.7,38.0,-256
41.100906,-2.292114,40000,465.9,38.0,-96
41.134415,-2.257141,40000,465.6,38.4,0
41.167099,-2.222656,40000,466.0,38.6,-96
41.200378,-2.187256,40000,465.9,38.8,0
41.233877,-2.151635,40000,467.3,38.8,352
41.235764,-2.149658,40000,467.3,38.8,-128
41.267853,-2.115417,40000,470.1,38.9,-32
41.301238,-2.079787,40000,470.1,38.9,-32
41.335082,-2.043519,40000,470.1,38.9,352
41.338303,-2.0401,40000,470.1,38.9,32
41.371719,-2.004211,40000,469.3,39.0,160
41.38871,-1.98597,40000,468.5,39.0,160
41.389572,-1.98503,40000,468.5,39.0,-416
41.392434,-1.98201,40000,468.5,39.0,-576
41.393458,-1.980924,40025,468.5,39.0,576
41.394287,-1.979974,40000,468.5,39.0,-320
41.398486,-1.975495,40000,469.3,39.0,-608
41.39951,-1.974409,40000,468.5,39.0,416
41.401186,-1.972557,40000,468.5,39.0,0
41.434021,-1.937277,40000,467.9,38.9,128
41.467244,-1.901593,40025,469.9,39.0,-160
41.501087,-1.865057,40000,472.1,39.0,128
41.534698,-1.828713,40000,474.2,39.1,-64
41.568402,-1.792304,40025,474.2,39.1,64
41.601608,-1.756314,40000,474.8,39.2,32
41.634659,-1.720484,40000,475.6,39.1,-160
41.668076,-1.684217,40000,475.6,39.1,0
41.70163,-1.647762,40000,478.4,39.2,288
41.724864,-1.622527,40000,481.2,39.2,128
41.755783,-1.588835,40000,483.2,39.3,192
41.756836,-1.587712,40025,483.2,39.3,-672
41.757683,-1.586758,40025,483.2,39.3,512
41.759406,-1.584842,40025,483.2,39.3,512
41.760104,-1.584139,40025,483.2,39.3,-32
41.771556,-1.571684,40000,483.4,39.1,-160
41.776025,-1.566765,40000,482.6,39.2,64
41.809662,-1.530033,40000,480.4,39.3,224
41.843307,-1.493204,40000,479.0,39.2,64
41.876717,-1.456647,40000,479.6,39.3,288
41.889426,-1.442722,40000,480.4,39.3,-64
41.923691,-1.405126,40025,482.5,39.4,96
41.92974,-1.398521,40025,483.2,39.3,-224
41.930603,-1.397573,40025,483.2,39.3,992
41.931656,-1.396387,40000,483.2,39.3,-224
41.933185,-1.394689,40000,483.2,39.3,-224
41.934082,-1.393766,40000,483.9,39.4,-1632
41.934954,-1.392836,40000,483.9,39.4,-1632
41.935978,-1.391687,40000,483.9,39.4,480
41.939423,-1.387854,40000,484.6,39.3,448
41.940494,-1.386705,40000,484.6,39.3,-384
41.942915,-1.384086,40000,485.3,39.4,-384
41.943741,-1.383091,40025,485.3,39.4,192
41.952272,-1.373738,40025,486.0,39.3,-224
41.955231,-1.370482,40025,486.0,39.3,-128
41.971573,-1.352504,40025,487.5,39.3,-128
41.972626,-1.351381,40000,487.5,39.3,352
41.981879,-1.341226,40025,488.1,39.4,96
42.016159,-1.30344,40000,487.3,39.5,-64
42.04985,-1.266299,40000,484.5,39.5,-96
42.08432,-1.228284,40025,481.7,39.4,64
42.118044,-1.190931,40000,478.9,39.4,-160
42.119766,-1.189078,40000,478.9,39.4,160
42.153351,-1.151817,40025,478.1,39.5,96
42.186447,-1.115175,40000,478.1,39.5,128
42.205748,-1.093715,40000,479.5,39.5,-96
42.218737,-1.079279,40025,480.9,39.5,224
42.238335,-1.057562,40000,482.3,39.5,64
42.240921,-1.054688,40000,482.3,39.5,32
42.241928,-1.053501,40000,482.3,39.5,768
42.243828,-1.05143,40025,482.3,39.5,-288
42.250718,-1.043765,40000,483.7,39.5,160
42.284934,-1.005696,40000,486.5,39.6,96
42.319153,-0.967608,40000,488.0,39.6,96
42.353119,-0.929593,40000,486.5,39.6,32
42.386536,-0.892202,40000,483.0,39.6,-224
42.40057,-0.875904,40025,483.1,41.6,96
42.414001,-0.858744,40025,482.3,44.0,-96
42.428696,-0.838519,40025,483.0,46.1,-480
42.433273,-0.831902,40025,482.5,47.0,-224
42.446749,-0.811328,40025,483.5,49.2,0
42.458946,-0.791271,40000,483.5,51.0,-160
42.462387,-0.785335,40000,484.3,51.9,-384
42.463211,-0.783899,40000,484.3,51.9,384
42.464719,-0.781243,40000,484.1,52.3,128
42.491867,-0.733774,40000,481.9,52.2,160
42.51858,-0.686965,40000,479.8,52.4,256
42.5372,-0.654261,40025,478.4,52.4,64
42.563921,-0.607186,40000,480.0,52.5,192
42.579609,-0.579465,40000,482.2,52.6,224
42.580447,-0.577996,40000,482.8,52.5,-512
42.58096,-0.577038,40000,482.8,52.5,-512
42.581635,-0.575846,40000,482.8,52.5,224
42.608844,-0.527727,40000,488.6,52.6,32
42.636292,-0.479091,40000,493.0,52.7,-128
42.658722,-0.439203,40025,495.8,52.6,-64
42.686325,-0.390077,40000,498.0,52.7,96
42.713654,-0.341388,40000,498.8,52.7,96
42.724274,-0.322474,40000,498.6,52.6,-128
42.73812,-0.298739,40000,497.6,50.9,96
42.749851,-0.280471,40000,495.1,48.4,128
42.76363,-0.260606,40000,493.7,46.2,0
42.777922,-0.241571,40000,491.5,44.1,64
42.790631,-0.225858,40000,489.4,41.8,-64
42.79216,-0.224096,40000,489.5,41.6,-64
42.793213,-0.222848,40000,489.6,41.3,448
42.794907,-0.22085,40000,489.1,41.0,-32
42.809509,-0.204525,40000,487.1,38.9,0
42.823636,-0.189972,40000,485.2,36.7,160
42.831802,-0.181977,40000,483.4,35.4,-256
42.839905,-0.17444,40000,482.9,34.7,-64
42.876659,-0.140926,40025,480.4,34.0,32
42.913063,-0.107574,40000,478.4,33.9,-32
42.948853,-0.07486,40025,478.4,33.9,160
42.985199,-0.04171,40025,477.9,33.8,-64
43.008682,-0.020248,40025,477.9,33.8,-416
43.009613,-0.019422,40000,477.9,33.8,576
43.010513,-0.018587,40000,477.9,33.8,576
43.011428,-0.017722,40000,477.9,33.8,-160
43.019528,-0.010398,40025,478.7,33.8,0
43.055606,0.022561,40000,479.3,33.9,64
43.09201,0.055913,40025,479.3,33.9,320
43.093872,0.057613,40025,479.3,33.9,-352
43.110445,0.072784,40000,479.8,34.0,-128
43.147174,0.106463,40000,478.4,33.9,32
43.183764,0.140141,40000,477.0,33.9,-96
43.219563,0.172969,40025,475.7,33.9,-64
43.251801,0.202672,40025,475.4,34.0,128
43.275513,0.224517,40000,476.2,34.0,-288
43.276611,0.225539,40000,476.2,34.0,608
43.277521,0.226397,40000,476.2,34.0,608
43.278638,0.227378,40000,476.2,34.0,-384
43.279541,0.228222,40000,476.2,34.0,-384
43.280453,0.229078,40000,476.2,34.0,160
43.293581,0.241241,40000,476.8,34.1,96
43.321976,0.26744,40000,478.4,33.9,-96
43.358734,0.301421,40000,480.4,34.0,-128
43.394852,0.334955,40000,481.8,34.1,0
43.431015,0.368425,40000,480.9,34.2,0
43.467773,0.402598,40000,479.6,34.1,-32
43.504074,0.436259,40000,478.2,34.1,-160
43.540401,0.470189,40000,477.3,34.2,-192
43.576035,0.503391,40000,477.9,34.3,-32
43.611673,0.536695,40000,478.7,34.2,-128
43.647995,0.570714,40000,477.9,34.3,-192
43.683426,0.603929,40000,477.9,34.3,-64
43.719767,0.637992,40000,477.9,34.3,-32
43.755938,0.672062,40000,479.3,34.3,-160
43.792328,0.706319,40000,480.1,34.2,-64
43.828885,0.740727,40000,482.1,34.3,-160
43.864591,0.774471,40000,483.5,34.4,-160
43.874879,0.784215,40000,483.5,34.4,-352
43.875824,0.785075,40000,483.5,34.4,384
43.878754,0.787886,40000,483.5,34.4,384
43.879486,0.788588,40000,483.5,34.4,-160
43.883194,0.792038,40000,483.5,34.4,-128
43.893686,0.802002,40000,483.5,34.4,-160
43.894638,0.802896,40000,483.5,34.4,352
43.906209,0.813838,40000,483.5,34.4,96
43.915798,0.822928,40000,483.5,34.4,544
43.916916,0.823975,40000,483.5,34.4,-512
43.926133,0.832672,40000,483.5,34.4,-96
43.929611,0.835983,40025,483.5,34.4,352
43.9313,0.837577,40000,483.5,34.4,384
43.932371,0.838623,40000,483.5,34.4,-736
43.934233,0.840389,40000,483.5,34.4,-256
43.941961,0.847713,40000,482.6,34.5,128
43.97818,0.882036,40000,481.2,34.4,0
44.014435,0.916528,40000,480.4,34.5,-128
44.050278,0.950637,40000,480.4,34.5,-128
44.086533,0.985129,40000,481.0,34.6,32
44.113266,1.010678,40000,481.8,34.5,-352
44.114365,1.0117,40000,481.8,34.5,608
44.115463,1.012786,40000,481.8,34.5,608
44.116392,1.01362,40000,481.8,34.5,-96
44.152908,1.048619,40000,482.4,34.6,32
44.188688,1.082873,40000,482.4,34.6,64
44.225189,1.117859,40000,481.0,34.6,-32
44.261398,1.152584,40000,479.6,34.5,0
44.297201,1.186992,40000,477.4,34.6,-64
44.332348,1.220822,40000,476.6,34.7,-352
44.346634,1.234654,40000,475.7,34.7,0
44.382065,1.268856,40000,475.7,34.7,64
44.417542,1.303057,40000,475.7,34.7,128
44.453523,1.33792,40000,477.1,34.8,32
44.489089,1.372353,40000,477.9,34.7,-96
44.524796,1.407035,40000,478.5,34.8,-32
44.549469,1.4311,40000,478.5,34.8,32
44.550201,1.431754,40000,478.5,34.8,-576
44.5513,1.432866,40000,478.5,34.8,-576
44.552032,1.43352,40000,478.5,34.8,256
44.558212,1.439536,40000,479.9,34.8,128
44.594788,1.475176,40025,479.9,34.8,96
44.630096,1.509615,40000,480.5,34.9,-224
44.646855,1.525961,40025,479.1,34.9,-96
44.682541,1.560843,40000,476.9,34.9,32
44.717707,1.595295,40000,474.7,35.0,-160
44.745575,1.622576,40000,474.7,35.0,-64
44.746628,1.623622,40000,474.7,35.0,416
44.749316,1.626245,40000,474.7,35.0,64
44.785126,1.661355,40000,474.7,35.0,64
44.820634,1.696316,40000,477.4,35.0,-32
44.856573,1.731686,40025,481.1,35.0,0
44.892929,1.767556,40000,483.8,35.1,128
44.898056,1.772657,40000,483.8,35.1,128
44.899155,1.773703,40000,483.8,35.1,-416
44.900986,1.775534,40000,483.8,35.1,32
44.936829,1.810978,40000,483.8,35.1,0
44.973358,1.847076,40000,481.6,35.1,-192
45.009497,1.882815,40000,479.4,35.2,-96
45.045044,1.918161,40000,477.2,35.2,64
45.080861,1.953758,40000,475.8,35.2,96
45.115682,1.988391,40000,475.0,35.2,-64
45.150829,2.023427,40000,475.0,35.2,-32
45.186539,2.059152,40000,476.4,35.3,0
45.221961,2.09457,40000,477.0,35.4,-64
45.257492,2.130236,40000,479.2,35.3,-32
45.293093,2.165981,40000,480.6,35.3,-32
45.329357,2.202424,40000,481.2,35.4,-96
45.350235,2.223424,40000,481.4,35.3,-128
45.350967,2.224143,40000,481.4,35.3,416
45.353119,2.226366,40000,480.6,35.3,-32
45.388059,2.261576,40000,481.2,35.4,-224
45.389177,2.262715,40000,481.2,35.4,-224
45.389875,2.263385,40000,481.2,35.4,288
45.393311,2.266911,40000,480.6,35.3,96
45.394043,2.26763,40000,480.6,35.3,-448
45.395874,2.269461,40000,480.6,35.3,128
45.431992,2.305952,40000,479.8,35.4,-256
45.433634,2.307598,40000,479.8,35.4,512
45.435242,2.309222,40000,479.8,35.4,-576
45.437393,2.31138,40000,479.8,35.4,0
45.473343,2.347725,40000,479.8,35.4,64
45.508575,2.383379,40000,480.3,35.5,-96
45.544373,2.419739,40000,481.7,35.5,-32
45.580041,2.455994,40000,481.7,35.5,-32
45.61528,2.491887,40000,479.5,35.6,-64
45.65126,2.528597,40000,478.1,35.5,64
45.686783,2.564839,40000,477.3,35.6,64
45.722025,2.600876,40000,476.5,35.7,-160
45.757965,2.637724,40000,476.5,35.7,64
45.792664,2.673295,39975,477.3,35.6,-128
45.80703,2.687256,39975,476.2,33.1,-96
45.815828,2.694534,39975,476.9,29.5,0
45.825851,2.701766,39975,476.3,26.0,-32
45.836125,2.70813,39975,476.0,22.7,96
45.84604,2.71328,39975,476.0,19.4,-64
45.857208,2.718111,40000,476.0,16.2,192
45.877836,2.725777,40000,475.6,14.2,96
45.885315,2.728428,39975,475.9,13.9,-320
45.900696,2.73372,39900,474.9,13.4,-736
45.938866,2.746857,39675,465.9,13.5,-608
45.976666,2.759972,39450,461.8,13.5,-704
46.016968,2.773847,39225,459.6,13.5,-608
46.049652,2.784967,39050,459.2,13.2,-608
46.050888,2.785369,39025,459.2,13.2,-1120
46.052948,2.786039,39025,459.2,13.2,-640
46.09053,2.798633,38800,458.9,13.1,-672
46.121933,2.809151,38625,458.9,13.1,-352
46.123169,2.809552,38625,458.9,13.1,-1216
46.148583,2.817924,38400,459.2,12.7,-1152
46.149628,2.818261,38400,459.0,12.6,-512
46.153564,2.819504,38350,459.0,12.6,-704
46.154821,2.819916,38350,459.0,12.6,-1376
46.158127,2.820946,38325,459.0,12.6,-1184
46.159337,2.821358,38325,459.0,12.6,-640
46.162445,2.822348,38300,459.0,12.6,-992
46.166785,2.823761,38250,459.0,12.6,-1216
46.193274,2.832275,37925,458.3,12.7,-1344
46.210007,2.837755,37700,458.5,12.9,-1472
46.21101,2.838112,37675,458.5,12.9,-1952
46.226326,2.843056,37375,457.8,12.5,-2176
46.232712,2.845057,37250,458.6,12.3,-2048
46.233774,2.84539,37225,458.6,12.3,-2848
46.238113,2.846799,37150,457.6,12.4,-1856
46.240173,2.847402,37100,457.4,12.2,-2432
46.243271,2.848412,37025,457.4,12.2,-2720
46.26329,2.854503,36650,456.6,11.8,-2304
46.267198,2.855621,36550,456.6,11.8,-2688
46.274228,2.85775,36400,455.4,11.7,-2848
46.275238,2.858053,36375,455.4,11.7,-2176
46.276474,2.858388,36350,455.4,11.7,-2784
46.278324,2.858986,36325,455.4,11.7,-2240
46.28389,2.860599,36200,454.4,11.7,-2688
46.284714,2.860867,36175,454.4,11.7,-3296
46.285726,2.861183,36175,454.4,11.7,-3296
46.286564,2.861389,36150,454.4,11.7,-2048
46.288834,2.862139,36100,454.6,11.8,-2592
46.308677,2.868324,35700,452.5,12.4,-2464
46.328182,2.874504,35300,450.6,12.4,-2304
46.340607,2.878418,35025,449.2,12.2,-2432
46.341385,2.878686,35025,449.2,12.2,-2912
46.345459,2.879892,34950,449.0,12.1,-2688
46.346477,2.880203,34925,449.0,12.1,-1792
46.348709,2.880897,34875,448.7,12.0,-2208
46.349689,2.881233,34850,448.7,12.0,-2816
46.36409,2.885586,34550,447.6,11.9,-2592
46.380879,2.890572,34200,446.2,11.6,-2656
46.38167,2.890778,34200,446.2,11.6,-1952
46.385925,2.892084,34100,446.2,11.6,-2816
46.402863,2.897175,33725,445.6,11.9,-2496
46.421566,2.902794,33325,444.2,11.7,-2528
46.423567,2.903412,33300,444.0,11.6,-3040
46.425751,2.904008,33275,444.0,11.6,-1664
46.428955,2.905013,33175,444.0,11.6,-1984
46.429779,2.905214,33175,444.0,11.6,-2560
46.430783,2.90554,33150,444.0,11.6,-3328
46.435822,2.907023,33025,443.0,11.6,-3040
46.437999,2.907669,33000,443.0,11.6,-2400
46.454681,2.912315,32625,442.7,10.7,-2656
46.455688,2.912613,32600,442.7,10.7,-3200
46.45769,2.913094,32575,442.5,10.6,-2432
46.476013,2.917808,32200,442.6,9.9,-2336
46.477203,2.918076,32175,442.6,9.9,-3104
46.47822,2.918381,32150,442.6,9.9,-2464
46.492538,2.921961,31850,442.6,9.9,-2496
46.493535,2.922226,31850,442.6,9.9,-1984
46.496329,2.922913,31775,442.4,9.8,-2304
46.498581,2.923435,31725,442.2,9.6,-3168
46.500595,2.923971,31700,443.2,9.6,-3168
46.501589,2.924217,31675,443.2,9.6,-2144
46.509064,2.925981,31525,442.9,9.4,-1984
46.510108,2.926208,31500,442.9,9.4,-2656
46.51799,2.927923,31325,444.2,8.8,-3008
46.519,2.928131,31325,444.1,8.7,-2176
46.524124,2.929196,31225,444.5,8.1,-2464
46.527146,2.929848,31125,445.3,8.0,-2848
46.528403,2.930054,31100,445.3,8.0,-3584
46.530624,2.930469,31050,446.1,7.7,-2464
46.532872,2.930946,31000,445.9,7.6,-2464
46.53371,2.931084,31000,445.9,7.6,-2976
46.536969,2.931702,30950,446.7,7.3,-2560
46.539017,2.932045,30900,446.5,7.2,-1696
46.540054,2.932211,30875,446.5,7.2,-2656
46.559738,2.935694,30475,447.3,6.9,-2528
46.579056,2.939111,30075,448.4,7.1,-2368
46.599609,2.94313,29675,448.0,8.6,-2368
46.600606,2.943443,29650,446.8,9.3,-2368
46.601624,2.943666,29625,446.8,9.3,-2848
46.610661,2.946533,29425,443.2,12.9,-2432
46.62149,2.950834,29200,439.8,16.4,-2368
46.635101,2.957451,28900,436.1,19.1,-2400
46.645529,2.963425,28675,432.5,22.0,-2624
46.656375,2.970566,28425,429.0,25.0,-2624
46.667358,2.978836,28150,425.4,27.9,-2464
46.676951,2.987045,27925,421.5,30.8,-2560
46.686355,2.995903,27675,417.4,33.8,-2688
46.688217,2.997826,27625,416.9,34.2,-2304
46.693524,3.003387,27475,415.7,35.6,-1984
46.694275,3.004225,27450,414.4,36.1,-2912
46.695786,3.0059,27425,414.6,36.6,-2912
46.696426,3.006569,27400,414.6,36.6,-2432
46.705115,3.016846,27175,411.7,39.0,-2592
46.713029,3.027077,26925,408.4,42.3,-2304
46.722107,3.040123,26650,405.2,45.1,-2656
46.730347,3.053375,26375,403.6,48.0,-2368
46.737609,3.066353,26125,400.4,51.2,-2432
46.74394,3.078918,25875,398.9,54.1,-2496
46.750224,3.092651,25625,396.6,56.8,-2496
46.757263,3.109801,25325,395.8,59.5,-2592
46.765137,3.129496,24950,393.8,60.0,-2656
46.773834,3.151535,24550,393.3,60.1,-2464
46.782852,3.174379,24150,392.0,60.2,-2624
46.791051,3.195168,23750,390.6,60.2,-2496
46.799803,3.217484,23350,389.2,60.3,-2592
46.808258,3.238957,22950,386.1,60.2,-2528
46.816727,3.260528,22550,383.9,60.2,-2560
46.822723,3.275735,22275,382.5,60.2,-2304
46.825779,3.283607,22175,382.5,60.2,-1888
46.828246,3.289856,22100,381.7,60.1,-1472
46.831598,3.298302,22050,381.2,60.3,-1024
46.834122,3.304741,22025,381.2,60.3,-640
46.836625,3.311211,22000,381.2,60.3,-352
46.853896,3.355225,21975,379.8,60.3,-64
46.87126,3.399705,21975,379.8,60.3,64
46.888112,3.442876,21975,379.8,60.3,0
46.905212,3.486786,21975,380.7,60.4,-32
46.922104,3.530182,21975,380.7,60.4,-64
46.93904,3.573726,21975,380.7,60.4,32
46.956161,3.617729,21975,380.7,60.4,-64
46.973373,3.662155,21975,381.5,60.5,-64
46.990481,3.706336,21975,381.5,60.5,-32
47.007523,3.750526,21975,381.0,60.6,32
47.024643,3.794952,21975,381.0,60.6,32
47.041502,3.838736,21975,381.9,60.7,0
47.05838,3.882637,21975,381.9,60.7,-32
47.075684,3.92775,21975,381.9,60.7,0
47.092575,3.97197,21975,381.9,60.7,32
47.10965,4.016602,21975,381.4,60.8,32
47.12646,4.060645,21975,382.8,60.8,-96
47.143295,4.104836,21975,384.5,60.9,64
47.160461,4.149948,21975,385.9,60.8,-32
47.177353,4.194374,21975,386.8,60.9,160
47.194519,4.239624,21975,385.4,61.0,-32
47.211639,4.284874,21975,385.4,61.0,0
47.228531,4.329643,21975,384.5,60.9,32
47.245605,4.374825,21975,384.0,61.0,-32
47.262817,4.420555,21975,384.9,61.1,32
47.279846,4.465874,21975,384.9,61.1,0
47.296748,4.511014,21975,385.8,61.2,-32
47.313972,4.556932,21975,385.8,61.2,96
47.331116,4.602791,21975,386.7,61.2,-32
47.347961,4.647903,21975,386.7,61.2,-224
47.364761,4.692852,21975,386.7,61.2,0
47.381799,4.738699,21975,387.6,61.3,0
47.398883,4.784616,21975,388.4,61.4,-64
47.415894,4.830482,21975,389.8,61.3,0
47.433014,4.876694,21975,391.5,61.5,96
47.449997,4.92263,21975,391.5,61.5,0
47.467117,4.969048,21975,391.5,61.5,-96
47.484307,5.015681,21975,391.5,61.5,32
47.501129,5.061401,21975,391.5,61.5,-32
47.51829,5.108079,21975,391.1,61.6,64
47.535278,5.154373,21975,391.9,61.7,0
47.552226,5.200759,21975,391.9,61.7,0
47.569078,5.246958,21975,391.9,61.7,0
47.585884,5.293086,21975,391.5,61.8,0
47.602689,5.339215,22000,391.9,61.7,0
47.619644,5.385841,21975,392.8,61.7,-192
47.636856,5.43322,21975,393.7,61.8,64
47.654022,5.480736,21975,393.7,61.8,-96
47.670935,5.527532,21975,393.7,61.8,96
47.687622,5.573776,21975,393.2,61.9,0
47.704056,5.61937,21975,392.4,61.9,-32
47.720699,5.665565,21975,391.9,62.0,-448
47.721634,5.66819,21975,391.9,62.0,288
47.722137,5.669632,21975,391.9,62.0,288
47.722561,5.670847,21975,391.9,62.0,-256
47.726146,5.680777,21975,391.9,62.0,96
47.738617,5.715637,21975,391.9,62.0,64
47.739041,5.716834,21975,391.9,62.0,-416
47.744751,5.732735,21975,391.9,62.0,-224
47.745255,5.734108,21975,391.9,62.0,480
47.745758,5.73555,21975,391.9,62.0,480
47.746124,5.736511,21975,391.9,62.0,-320
47.762456,5.782189,21975,389.6,62.0,96
47.779122,5.828881,21975,389.2,62.1,-64
47.795788,5.875643,21975,390.1,62.2,32
47.812225,5.921837,21975,390.1,62.2,-32
47.828979,5.968886,21975,390.1,62.2,0
47.845367,6.015083,21975,390.1,62.2,96
47.862213,6.062668,21975,393.2,62.3,-64
47.878883,6.109737,21975,393.2,62.3,32
47.895596,6.157133,21975,392.7,62.4,96
47.912338,6.204666,21975,391.8,62.3,64
47.928741,6.251291,21975,393.6,62.5,64
47.94536,6.298828,21975,393.6,62.5,96
47.96196,6.346115,21975,394.5,62.5,-32
47.97876,6.394318,21975,394.5,62.5,64
47.995171,6.441298,21975,395.4,62.6,64
48.011993,6.489418,21975,395.8,62.5,0
48.028702,6.537415,21975,396.3,62.7,32
48.045502,6.585892,21975,395.4,62.6,-32
48.061935,6.63327,21975,394.0,62.7,64
48.078406,6.680814,21975,394.0,62.7,64
48.0947,6.727999,21975,392.7,62.7,32
48.111086,6.775747,21975,392.2,63.5,-32
48.119233,6.801734,21975,391.5,65.4,32
48.129547,6.836586,21975,390.6,66.8,-128
48.139204,6.871667,21975,390.0,68.2,-32
48.152847,6.921043,21975,388.7,67.5,-128
48.163101,6.958149,21950,387.0,67.7,-352
48.16383,6.960923,21950,387.0,67.7,-672
48.165527,6.967093,21900,387.9,67.7,-896
48.176352,7.006386,21625,386.6,67.8,-864
48.187571,7.04744,21350,386.6,67.8,-1088
48.198441,7.087379,21100,387.6,67.9,-992
48.208694,7.125197,20825,388.5,67.9,-992
48.219692,7.165688,20550,387.2,68.0,-1216
48.230438,7.205411,20275,383.1,67.9,-1088
48.24106,7.244761,20025,379.6,68.0,-896
48.251312,7.282809,19750,377.3,68.1,-1056
48.261915,7.322243,19475,376.4,68.0,-928
48.272278,7.360699,19225,376.4,68.0,-1152
48.282532,7.398869,18950,376.0,68.1,-1088
48.292831,7.437392,18675,374.7,68.2,-960
48.303161,7.476052,18400,372.9,68.1,-1056
48.313635,7.515227,18150,370.6,68.1,-992
48.319427,7.536973,18025,370.6,68.1,-544
48.324646,7.556551,17975,370.3,68.3,-128
48.337144,7.603479,17975,370.3,68.3,32
48.349666,7.650821,17975,371.2,68.3,96
48.362189,7.698236,17975,371.2,68.3,64
48.37468,7.745361,17975,371.2,68.3,160
48.387177,7.792828,17975,372.1,68.4,64
48.399673,7.840365,17975,372.1,68.4,64
48.412139,7.88775,17975,373.1,68.5,-32
48.424522,7.93502,17975,373.1,68.5,96
48.436935,7.982412,17975,371.8,68.5,-96
48.449387,8.029949,17975,371.4,68.7,128
48.461857,8.077915,17975,373.6,68.7,-320
48.463393,8.083697,17975,373.6,68.7,-32
48.4758,8.131432,17975,373.6,68.7,-192
48.488068,8.178828,17975,372.3,68.7,-32
48.500496,8.226808,17975,372.3,68.7,-160
48.512924,8.274818,17975,373.3,68.8,32
48.525215,8.32265,17975,374.6,68.7,320
48.533268,8.353802,17975,375.1,68.9,0
48.545609,8.401724,17925,374.2,68.8,-384
48.545837,8.40271,17925,374.2,68.8,-1056
48.554901,8.438063,17625,372.0,68.9,-1248
48.563644,8.47222,17325,369.7,68.9,-1280
48.571814,8.504068,17000,367.5,68.9,-1632
48.579529,8.534264,16675,365.3,69.0,-1440
48.585686,8.557627,16425,363.6,67.5,-1568
48.590378,8.572928,16275,361.9,64.6,-1344
48.595642,8.588139,16100,360.6,61.9,-1600
48.605804,8.615746,15775,359.1,60.7,-1632
48.606491,8.617507,15775,359.1,60.7,-1632
48.606812,8.618352,15750,359.1,60.7,-832
48.608823,8.623834,15675,359.1,60.7,-832
48.609238,8.624901,15675,359.1,60.7,-1792
48.612946,8.634902,15550,358.6,60.8,-1376
48.621826,8.658776,15275,356.0,60.5,-1760
48.622555,8.660768,15250,356.0,60.5,-1920
48.622971,8.661804,15250,355.5,60.7,-1216
48.625768,8.669369,15150,355.5,60.7,-1632
48.634938,8.694089,14850,355.5,60.7,-1504
48.635376,8.695186,14850,355.5,60.7,-2112
48.635776,8.696257,14825,355.5,60.7,-1568
48.646018,8.723506,14500,348.4,60.4,-1568
48.653595,8.743709,14275,341.2,60.5,-1728
48.654099,8.744976,14250,340.4,60.4,-896
48.654831,8.747019,14225,339.0,60.5,-896
48.655151,8.747864,14225,339.0,60.5,-1568
48.662404,8.767162,13975,333.7,60.4,-1824
48.662796,8.768146,13975,332.8,60.3,-1024
48.663196,8.769186,13950,332.8,60.3,-1024
48.663574,8.770189,13950,332.8,60.3,-2080
48.664266,8.772005,13925,331.4,60.3,-2080
48.664627,8.773006,13900,331.4,60.3,-1472
48.674368,8.798965,13575,324.1,60.8,-1472
48.683585,8.823973,13250,318.3,60.9,-1376
48.69278,8.849065,12925,312.0,61.0,-1632
48.70166,8.87308,12600,305.8,60.8,-1344
48.710446,8.896974,12275,300.8,61.0,-1568
48.717407,8.91611,12025,296.7,61.2,-1568
48.722084,8.928921,11825,294.5,61.2,-1600
48.726926,8.942221,11650,292.3,61.2,-1568
48.731781,8.955548,11450,290.0,61.1,-1504
48.736404,8.968295,11275,288.2,61.4,-1408
48.741119,8.981323,11100,286.0,61.4,-1504
48.745422,8.99407,10925,285.3,63.8,-1536
48.748077,9.003578,10775,283.8,67.4,-1536
48.750714,9.014571,10650,282.1,70.5,-1472
48.75374,9.028015,10450,280.8,71.3,-1408
48.756905,9.042399,10275,278.3,71.6,-1376
48.759979,9.056608,10100,276.7,71.9,-1440
48.76291,9.069937,9925,274.8,71.8,-1344
48.765936,9.083742,9750,273.2,71.4,-1344
48.769043,9.097666,9575,273.2,71.4,-1376
48.771942,9.110846,9375,273.2,71.4,-1664
48.774857,9.124075,9200,271.6,71.8,-1632
48.777621,9.136867,9000,271.3,72.0,-1632
48.780368,9.149804,8825,268.8,72.2,-1376
48.780762,9.151752,8775,267.6,72.4,-1280
48.780926,9.152623,8775,267.6,72.4,-1856
48.78344,9.164621,8575,263.8,72.8,-1696
48.785535,9.175102,8425,259.4,73.0,-1536
48.787949,9.187246,8250,254.7,73.3,-1248
48.790421,9.199712,8075,250.3,73.5,-1536
48.792343,9.209994,7925,246.3,74.2,-1248
48.794632,9.2226,7750,244.8,74.6,-1344
48.79694,9.23531,7575,244.8,74.6,-1216
48.797424,9.237812,7525,244.8,74.6,-1504
48.799576,9.249714,7350,245.8,74.7,-1216
48.799713,9.250418,7350,245.8,74.7,-2080
48.799873,9.251211,7350,246.0,74.4,-1088
48.800354,9.25408,7275,245.8,74.7,-1536
48.800537,9.255066,7275,245.8,74.7,-2208
48.80099,9.257572,7250,246.5,74.9,-2208
48.801132,9.258376,7225,246.5,74.9,-1408
48.802689,9.267109,7100,248.4,75.1,-1248
48.802806,9.26798,7100,248.4,75.1,-2016
48.803604,9.272531,7025,249.4,75.1,-1568
48.804714,9.278749,6925,249.4,75.1,-1632
48.805925,9.285543,6825,251.5,75.0,-1440
48.807083,9.29225,6725,252.5,75.1,-1280
48.808411,9.299786,6625,253.2,75.4,-1344
48.808594,9.300772,6600,253.2,75.4,-1824
48.80928,9.304927,6550,253.0,75.6,-1824
48.809416,9.305781,6550,253.0,75.6,-1120
48.810813,9.314021,6450,252.7,75.8,-1184
48.812116,9.321899,6350,252.0,75.5,-1280
48.813559,9.330428,6250,251.8,75.7,-1152
48.815048,9.339154,6150,251.0,75.5,-928
48.816605,9.348309,6050,250.8,75.7,-1344
48.816742,9.349013,6050,250.8,75.7,-960
48.817935,9.356304,6000,249.8,75.6,-800
48.819717,9.366831,5975,245.4,75.8,-416
48.820728,9.374374,5925,244.6,78.9,-608
48.820999,9.376901,5900,244.6,80.1,-1056
48.821194,9.381601,5850,246.0,84.9,-1184
48.82124,9.38854,5800,247.0,89.3,-832
48.821054,9.396852,5700,249.2,92.1,-1248
48.820679,9.407889,5600,250.5,93.4,-1376
48.820216,9.418247,5500,251.6,93.9,-1056
48.819717,9.428664,5400,252.6,94.1,-896
48.819214,9.439228,5300,251.6,94.1,-1120
48.818727,9.449615,5200,251.7,94.3,-800
48.818253,9.459299,5100,251.7,94.3,-992
48.817656,9.471444,5000,252.6,94.1,-736
48.816911,9.487634,4975,250.6,94.1,-768
48.816879,9.488525,4975,250.6,94.1,64
48.816513,9.496061,4950,246.7,94.2,64
48.816147,9.503526,4950,242.6,94.0,-64
48.815689,9.513245,4975,237.7,94.3,-32
48.815277,9.521414,4950,233.7,94.4,-352
48.81449,9.536422,4975,232.0,95.2,64
48.813885,9.542566,5000,232.0,99.2,256
48.813001,9.547264,4975,232.4,105.5,192
48.812668,9.548598,4975,232.4,108.1,192
48.812489,9.54936,4975,232.0,110.7,-352
48.811432,9.552753,4950,230.3,116.0,-320
48.810114,9.555865,4975,228.8,121.1,-320
48.80983,9.556486,4975,228.0,123.6,480
48.808273,9.559444,5000,224.9,128.5,352
48.806396,9.562331,5000,221.3,135.6,352
48.804249,9.5649,5000,218.2,142.4,32
48.801819,9.567261,4975,216.4,147.3,-96
48.798895,9.569598,4975,214.7,152.8,32
48.797452,9.57061,5000,213.9,155.7,32
48.797012,9.570923,5000,213.9,155.7,768
48.796646,9.571134,5000,213.9,155.7,256
48.795637,9.571694,4975,213.8,157.1,256
48.795264,9.571911,4975,213.4,158.9,-288
48.792797,9.572995,4950,212.9,163.4,-448
48.790375,9.573669,4925,211.6,171.0,-800
48.788561,9.573862,4900,210.4,176.5,-800
48.786047,9.573645,4850,209.1,181.9,-672
48.78358,9.573139,4825,207.0,189.7,-672
48.781392,9.572127,4800,205.0,195.0,-672
48.779205,9.570852,4750,201.7,202.8,-672
48.776413,9.568669,4725,198.6,207.6,-704
48.772018,9.564796,4625,196.0,211.0,-1056
48.766123,9.55919,4525,196.4,212.3,-1024
48.761169,9.554443,4425,196.4,212.3,-960
48.756347,9.549866,4325,195.0,212.2,-992
48.753693,9.547047,4275,193.0,216.6,-1216
48.752151,9.544795,4250,189.0,222.6,-960
48.751319,9.543288,4225,184.5,229.8,-960
48.75032,9.540851,4200,179.7,236.6,-704
48.749457,9.538301,4175,175.8,242.6,-704
48.748898,9.536061,4150,171.6,247.0,-768
48.74806,9.532302,4100,167.6,252.6,-512
48.747362,9.527821,4050,165.7,256.4,-704
48.746384,9.521099,3975,161.4,258.2,-896
48.746291,9.520448,3975,160.4,258.1,-384
48.745377,9.514371,3950,156.0,257.0,-448
48.74469,9.510428,3950,152.1,255.1,0
48.744057,9.506932,3950,148.8,254.0,-224
48.743362,9.503596,3950,144.3,253.1,-224
48.739588,9.484743,3975,142.0,253.2,128
48.735864,9.465661,3975,141.8,253.6,-96
48.733769,9.454964,3975,137.6,253.5,64
48.733429,9.453102,3950,134.5,253.6,64
48.733303,9.452651,3950,132.6,253.3,-352
48.732884,9.450411,3925,129.1,253.8,-448
48.732558,9.448748,3925,126.0,253.9,-448
48.732279,9.447158,3900,122.5,254.4,-352
48.730911,9.439509,3825,119.1,254.9,-640
48.729721,9.432749,3750,119.4,254.4,-544
48.728531,9.426481,3650,118.7,253.9,-832
48.727203,9.41965,3575,118.7,253.9,-640
48.726181,9.414271,3475,119.4,254.4,-640
48.725555,9.410635,3450,122.0,255.3,-960
48.725482,9.410224,3450,122.0,255.3,-32
48.724731,9.40641,3400,125.3,253.3,-256
48.724686,9.406058,3400,125.3,253.3,-896
48.72376,9.401478,3300,124.0,253.6,-608
48.722397,9.394437,3225,125.0,253.7,-512
48.722168,9.393099,3200,123.4,253.0,-512
48.722084,9.39266,3200,123.4,253.0,-1056
48.72084,9.385986,3100,123.2,254.9,-672
48.719559,9.379085,3000,126.7,254.4,-864
48.718185,9.37169,2925,128.2,253.7,-736
48.71701,9.3657,2825,126.2,253.4,-768
48.71566,9.358761,2725,125.7,254.3,-832
48.714682,9.353268,2675,123.5,254.5,-672
48.713891,9.349148,2575,122.8,253.9,-896
48.712601,9.342041,2500,124.7,254.2,-672
48.711273,9.335421,2400,124.3,253.2,-448
48.709981,9.328404,2300,122.5,254.4,-672
48.70871,9.321477,2225,122.8,253.9,-864
48.707382,9.314646,2125,126.0,253.9,-768
48.706924,9.31211,2100,126.0,253.9,-864
48.706833,9.311617,2100,126.0,253.9,-288
48.705698,9.305637,2000,124.7,254.2,-736
48.704361,9.298518,1925,124.5,254.6,-736
48.703231,9.292338,1825,126.7,254.4,-736
48.701787,9.285037,1750,126.2,253.4,-608
48.700653,9.27901,1650,126.0,253.9,-800
48.699274,9.271738,1550,128.3,255.1,-672
48.69797,9.264583,1450,130.1,253.9,-928
48.696579,9.25746,1350,130.4,253.5,-960
48.695206,9.250277,1275,131.0,254.1,-960
48.693967,9.243694,1175,130.1,253.9,-960
48.693192,9.239572,1125,125.7,254.3,-960
48.692825,9.23746,1125,121.8,253.8,-960
48.692663,9.236755,1125,116.5,254.1,-960
48.692413,9.235347,1125,112.4,254.0,-960
48.692322,9.234995,1125,104.1,253.8,-960
48.692093,9.233657,1125,101.9,254.1,-960
48.691978,9.233058,1100,93.0,255.9,-960
48.691875,9.232459,1100,91.0,255.9,-960
48.691627,9.231154,1100,85.0,253.1,64
48.691429,9.230065,1100,79.0,253.1,64
48.691338,9.229554,1100,77.0,253.1,64
48.691243,9.22913,1100,73.0,253.1,64
48.691154,9.228621,1100,71.0,253.1,64
48.691029,9.227987,1100,67.5,253.1,64
48.690914,9.227389,1100,65.5,253.1,64
48.690801,9.226763,1100,61.5,253.1,64
48.690605,9.225716,1100,57.5,253.1,64
48.690487,9.2251,1100,54.5,253.1,64
48.690388,9.224572,1100,52.5,253.1,64
48.690301,9.224089,1100,49.5,253.1,64
48.690208,9.223583,1100,46.5,253.1,64
48.690091,9.222968,1100,45.5,253.1,64
48.689873,9.221878,1100,44.5,253.1,64
48.689713,9.220998,1100,43.5,253.1,64
48.68961,9.220417,1100,43.5,253.1,64
48.689521,9.219987,1100,43.5,253.1,64
