lat,lon,alt,gs,track
56.31064,-4.932689,3575,0.0,0.0
56.290557,-4.907898,3575,0.0,0.0
56.286356,-4.903536,3575,0.0,0.0
56.2826,-4.898401,3575,0.0,0.0
56.28335,-4.899476,3600,0.0,0.0
56.276266,-4.890258,3600,0.0,0.0
56.273901,-4.887006,3600,0.0,0.0
56.2713,-4.883099,3600,171.0,0.0
56.265561,-4.876369,3600,153.0,0.0
56.261095,-4.870754,3575,153.0,0.0
56.258009,-4.867995,3575,150.0,0.0
56.25122,-4.859079,3575,150.0,0.0
56.248492,-4.855885,3575,144.0,0.0
56.244451,-4.850467,3600,136.0,0.0
56.239482,-4.845804,3575,128.0,0.0
56.234167,-4.839728,3600,135.0,0.0
56.229196,-4.83345,3600,139.0,0.0
56.22668,-4.830221,3575,139.0,0.0
56.220811,-4.8237,3600,141.0,0.0
56.216613,-4.819063,3600,139.0,0.0
56.210501,-4.811623,3600,142.0,0.0
56.208636,-4.808448,3600,138.0,0.0
56.203865,-4.803544,3575,132.0,0.0
56.198099,-4.797485,3575,128.0,0.0
56.194585,-4.793164,3575,123.0,0.0
56.189838,-4.788561,3600,127.0,0.0
56.186227,-4.784116,3600,126.0,0.0
56.181135,-4.777526,3575,127.0,0.0
56.176196,-4.771318,3600,132.0,0.0
56.172146,-4.768235,3625,128.0,0.0
56.169173,-4.765126,3600,127.0,0.0
56.164798,-4.759135,3600,128.0,0.0
56.161723,-4.755388,3575,125.0,0.0
56.156314,-4.749962,3575,129.0,0.0
56.153664,-4.746948,3575,124.0,0.0
56.15012,-4.743199,3600,120.0,0.0
56.145574,-4.738032,3600,122.0,0.0
56.141114,-4.732023,3550,126.0,0.0
56.138242,-4.729403,3450,131.0,0.0
56.134028,-4.724991,3375,140.0,0.0
56.129691,-4.720587,3275,142.0,0.0
56.125504,-4.716205,3200,146.0,0.0
56.120929,-4.711312,3150,143.0,0.0
56.116203,-4.705808,3150,135.0,0.0
56.110842,-4.699522,3100,143.0,0.0
56.106033,-4.695833,3025,140.0,0.0
56.10417,-4.694325,2950,137.0,0.0
56.097373,-4.686429,2850,143.0,0.0
56.094657,-4.683762,2775,144.0,0.0
56.091309,-4.680493,2675,142.0,0.0
56.085988,-4.675272,2675,148.0,0.0
56.084581,-4.673539,2575,147.0,0.0
56.081342,-4.670202,2500,143.0,0.0
56.076592,-4.66566,2475,140.0,0.0
56.071439,-4.659936,2500,138.0,0.0
56.067933,-4.655868,2550,132.0,0.0
56.064612,-4.652758,2525,122.0,0.0
56.059142,-4.647959,2500,122.0,0.0
56.053558,-4.642774,2475,125.0,0.0
56.048449,-4.638593,2475,131.0,0.0
56.043466,-4.634255,2500,128.0,0.0
56.039998,-4.631465,2500,129.0,0.0
56.034932,-4.62734,2500,127.0,0.0
56.029748,-4.622415,2525,129.0,0.0
56.025238,-4.61845,2500,129.0,0.0
56.020008,-4.613805,2475,128.0,0.0
56.01656,-4.611048,2475,138.0,0.0
56.013656,-4.607231,2475,139.0,0.0
56.010548,-4.603697,2500,135.0,0.0
56.005268,-4.59958,2500,132.0,0.0
56.002172,-4.596738,2500,134.0,0.0
55.996888,-4.591848,2475,137.0,0.0
55.994394,-4.591762,2500,133.0,0.0
55.987681,-4.583759,2500,130.0,0.0
55.982766,-4.579566,2475,132.0,0.0
55.978491,-4.575933,2475,126.0,0.0
55.973307,-4.570773,2475,134.0,0.0
55.97099,-4.568258,2500,133.0,0.0
55.966854,-4.564637,2500,127.0,0.0
55.962425,-4.560038,2475,128.0,0.0
55.958254,-4.555303,2525,137.0,0.0
55.9546,-4.550026,2500,130.0,0.0
55.950985,-4.547299,2500,126.0,0.0
55.946235,-4.542134,2500,122.0,0.0
55.943412,-4.53966,2525,125.0,0.0
55.939955,-4.53599,2475,127.0,0.0
55.937275,-4.532211,2475,126.0,0.0
55.932861,-4.527812,2475,132.0,0.0
55.92947,-4.522842,2475,134.0,0.0
55.924844,-4.519212,2500,127.0,0.0
55.919835,-4.513097,2500,131.0,0.0
55.915561,-4.508174,2500,129.0,0.0
55.911404,-4.502859,2500,130.0,0.0
55.907995,-4.498997,2500,128.0,0.0
55.903576,-4.494813,2500,127.0,0.0
55.899152,-4.489735,2475,128.0,0.0
55.895244,-4.484699,2500,126.0,0.0
55.890984,-4.480278,2525,123.0,0.0
55.887371,-4.475319,2475,123.0,0.0
55.883847,-4.467687,2500,125.0,0.0
55.880169,-4.460174,2525,126.0,0.0
55.87599,-4.452608,2475,137.0,0.0
55.871987,-4.445261,2475,141.0,0.0
55.868048,-4.437394,2475,140.0,0.0
55.864877,-4.430691,2500,136.0,0.0
55.861246,-4.426586,2525,128.0,0.0
55.857257,-4.423404,2500,123.0,0.0
55.852935,-4.419689,2525,128.0,0.0
55.849463,-4.41724,2475,131.0,0.0
55.845646,-4.413949,2500,130.0,0.0
55.841641,-4.411256,2525,127.0,0.0
55.837432,-4.407866,2475,128.0,0.0
55.832518,-4.404393,2500,126.0,0.0
55.829091,-4.401793,2550,123.0,0.0
55.823457,-4.398177,2475,129.0,0.0
55.819461,-4.39516,2475,132.0,0.0
55.815388,-4.392323,2475,135.0,0.0
55.811435,-4.389691,2500,131.0,0.0
55.80773,-4.38709,2525,129.0,0.0
55.80344,-4.383825,2475,126.0,0.0
55.798872,-4.380077,2500,129.0,0.0
55.795211,-4.375232,2500,127.0,0.0
55.790791,-4.369136,2500,129.0,0.0
55.786208,-4.363514,2525,131.0,0.0
55.78171,-4.35823,2475,128.0,0.0
55.777621,-4.35361,2500,124.0,0.0
55.77432,-4.348714,2475,125.0,0.0
55.769585,-4.342379,2500,134.0,0.0
55.766031,-4.33749,2550,129.0,0.0
55.762533,-4.332676,2525,118.0,0.0
55.758476,-4.327224,2525,122.0,0.0
55.754609,-4.321931,2475,123.0,0.0
55.750021,-4.315067,2450,125.0,0.0
55.746881,-4.311754,2475,130.0,0.0
55.742808,-4.306449,2525,127.0,0.0
55.738895,-4.300658,2500,127.0,0.0
55.734074,-4.295013,2475,130.0,0.0
55.730165,-4.289949,2475,125.0,0.0
55.726825,-4.284427,2500,117.0,0.0
55.721855,-4.279375,2500,129.0,0.0
55.717901,-4.273566,2475,130.0,0.0
55.716226,-4.271219,2525,127.0,0.0
55.713523,-4.269483,2525,119.0,0.0
55.708525,-4.262178,2500,116.0,0.0
55.70587,-4.258404,2525,127.0,0.0
55.702186,-4.254043,2500,139.0,0.0
55.698334,-4.24877,2500,138.0,0.0
55.694582,-4.244062,2475,141.0,0.0
55.691346,-4.239455,2500,144.0,0.0
55.68757,-4.233847,2500,140.0,0.0
55.683849,-4.23082,2450,139.0,0.0
55.679743,-4.22597,2475,136.0,0.0
55.676175,-4.221,2500,130.0,0.0
55.672412,-4.216381,2525,116.0,0.0
55.669651,-4.212703,2525,126.0,0.0
55.666168,-4.206347,2525,130.0,0.0
55.661188,-4.200908,2475,123.0,0.0
55.655987,-4.194567,2475,136.0,0.0
55.653071,-4.189545,2500,133.0,0.0
55.649397,-4.185634,2550,130.0,0.0
55.645871,-4.180851,2500,126.0,0.0
55.642381,-4.176341,2475,127.0,0.0
55.63668,-4.169718,2525,134.0,0.0
55.633019,-4.163942,2475,137.0,0.0
55.627735,-4.157666,2475,140.0,0.0
55.624892,-4.153587,2500,134.0,0.0
55.620542,-4.148465,2525,124.0,0.0
55.615623,-4.143359,2550,119.0,0.0
55.611156,-4.137061,2525,120.0,0.0
55.607211,-4.132457,2500,125.0,0.0
55.60231,-4.126721,2500,132.0,0.0
55.597986,-4.122005,2525,132.0,0.0
55.594005,-4.116963,2500,131.0,0.0
55.58896,-4.110501,2550,127.0,0.0
55.584297,-4.105658,2500,131.0,0.0
55.580465,-4.100718,2475,128.0,0.0
55.57579,-4.09445,2525,128.0,0.0
55.572277,-4.090352,2525,120.0,0.0
55.568963,-4.08632,2525,118.0,0.0
55.565898,-4.081871,2500,121.0,0.0
55.561638,-4.077037,2525,121.0,0.0
55.557023,-4.070487,2525,127.0,0.0
55.551969,-4.064315,2475,136.0,0.0
55.548458,-4.060084,2450,140.0,0.0
55.543949,-4.053731,2500,145.0,0.0
55.540005,-4.048732,2500,133.0,0.0
55.53776,-4.045663,2550,119.0,0.0
55.533141,-4.040132,2525,120.0,0.0
55.52901,-4.034928,2500,123.0,0.0
55.52529,-4.029255,2500,126.0,0.0
55.520776,-4.023843,2525,131.0,0.0
55.517092,-4.018825,2525,128.0,0.0
55.513383,-4.014423,2550,129.0,0.0
55.510682,-4.010382,2525,127.0,0.0
55.506869,-4.004789,2525,129.0,0.0
55.500919,-3.997373,2525,131.0,0.0
55.497641,-3.994079,2525,129.0,0.0
55.493217,-3.990151,2500,124.0,0.0
55.488634,-3.98372,2525,123.0,0.0
55.483994,-3.978421,2550,124.0,0.0
55.48075,-3.974601,2525,121.0,0.0
55.477717,-3.971094,2500,127.0,0.0
55.473491,-3.966409,2500,141.0,0.0
55.46889,-3.960702,2475,144.0,0.0
55.464768,-3.955456,2500,140.0,0.0
55.462125,-3.951121,2525,125.0,0.0
55.455281,-3.94364,2525,125.0,0.0
55.452836,-3.941195,2500,128.0,0.0
55.450232,-3.938436,2500,124.0,0.0
55.444892,-3.933334,2550,123.0,0.0
55.438805,-3.925876,2525,137.0,0.0
55.440534,-3.925014,2500,139.0,0.0
55.435185,-3.920639,2525,126.0,0.0
55.430275,-3.915594,2525,120.0,0.0
55.425079,-3.908464,2550,123.0,0.0
55.423794,-3.908627,2575,122.0,0.0
55.418515,-3.901962,2500,123.0,0.0
55.416465,-3.899438,2525,112.0,0.0
55.410369,-3.891924,2500,119.0,0.0
55.409692,-3.889797,2500,120.0,0.0
55.403267,-3.883038,2500,129.0,0.0
55.400903,-3.880683,2575,130.0,0.0
55.393443,-3.875153,2500,129.0,0.0
55.392876,-3.869931,2525,132.0,0.0
55.38836,-3.866244,2525,147.0,0.0
55.383093,-3.857234,2525,152.0,0.0
55.383233,-3.857799,2525,135.0,0.0
55.378795,-3.849917,2525,139.0,0.0
55.364349,-3.838821,2550,143.0,0.0
55.378162,-3.844804,2500,132.0,0.0
55.38139,-3.842203,2525,126.0,0.0
55.353137,-3.816196,2550,129.0,0.0
55.368242,-3.822555,2475,120.0,0.0
55.34682,-3.801559,2525,117.0,0.0
55.352766,-3.797431,2525,110.0,0.0
55.325508,-3.767253,2500,110.0,0.0
55.330613,-3.766544,2550,0.0,0.0
55.234779,-3.645654,2550,0.0,0.0
55.233245,-3.643611,2525,0.0,0.0
55.228011,-3.636051,2525,306.0,0.0
55.221568,-3.625468,2475,208.0,0.0
55.217345,-3.618086,2500,206.0,0.0
55.212649,-3.609175,2575,194.0,0.0
55.212062,-3.610168,2575,130.0,0.0
55.206742,-3.605343,2525,107.0,0.0
55.203303,-3.596715,2525,96.0,0.0
55.199905,-3.595103,2550,88.0,0.0
55.195183,-3.58872,2550,96.0,0.0
55.19119,-3.581788,2525,99.0,0.0
55.187397,-3.578197,2550,98.0,0.0
55.184415,-3.573136,2500,107.0,0.0
55.180545,-3.567493,2550,113.0,0.0
55.177448,-3.561803,2525,118.0,0.0
55.173671,-3.557054,2500,122.0,0.0
55.169624,-3.551207,2550,130.0,0.0
55.165857,-3.545791,2550,135.0,0.0
55.162155,-3.540396,2550,137.0,0.0
55.158823,-3.536298,2525,133.0,0.0
55.155101,-3.531072,2475,122.0,0.0
55.150432,-3.524585,2500,123.0,0.0
55.146414,-3.518409,2525,127.0,0.0
55.14394,-3.515599,2525,126.0,0.0
55.137553,-3.5086,2525,118.0,0.0
55.132744,-3.500893,2525,121.0,0.0
55.128411,-3.494444,2525,129.0,0.0
55.124892,-3.489323,2525,128.0,0.0
55.12263,-3.484356,2500,141.0,0.0
55.119045,-3.480964,2525,141.0,0.0
55.114791,-3.475172,2525,139.0,0.0
55.11095,-3.471291,2550,125.0,0.0
55.106479,-3.463665,2525,126.0,0.0
55.103721,-3.460269,2525,121.0,0.0
55.10104,-3.455767,2525,127.0,0.0
55.098426,-3.454157,2550,122.0,0.0
55.094479,-3.448559,2525,123.0,0.0
55.091256,-3.444572,2550,121.0,0.0
55.087909,-3.439078,2500,121.0,0.0
55.083272,-3.432736,2500,127.0,0.0
55.079617,-3.427737,2525,135.0,0.0
55.075787,-3.424074,2525,134.0,0.0
55.072926,-3.416331,2550,130.0,0.0
55.069553,-3.411911,2500,129.0,0.0
55.066672,-3.408774,2525,127.0,0.0
55.063698,-3.402691,2525,128.0,0.0
55.059303,-3.400525,2550,123.0,0.0
55.05544,-3.395791,2550,124.0,0.0
55.052785,-3.390651,2525,122.0,0.0
55.04808,-3.384771,2525,125.0,0.0
55.045015,-3.378343,2525,127.0,0.0
55.04179,-3.377109,2500,128.0,0.0
55.039706,-3.374323,2425,124.0,0.0
55.035679,-3.368473,2325,134.0,0.0
55.035928,-3.367634,2250,113.0,0.0
55.034313,-3.365674,2175,109.0,0.0
55.032655,-3.364238,2100,109.0,0.0
55.029451,-3.359004,2000,119.0,0.0
55.026412,-3.355709,1925,137.0,0.0
55.023141,-3.352262,1875,148.0,0.0
55.018908,-3.344241,1800,154.0,0.0
55.01532,-3.335679,1800,146.0,0.0
55.011347,-3.330084,1775,146.0,0.0
55.009096,-3.326911,1700,143.0,0.0
55.004841,-3.324803,1675,131.0,0.0
55.001399,-3.319183,1625,131.0,0.0
54.996998,-3.313986,1575,136.0,0.0
54.993267,-3.307938,1525,134.0,0.0
54.990123,-3.304697,1425,126.0,0.0
54.987507,-3.298953,1350,126.0,0.0
54.98424,-3.294999,1275,124.0,0.0
54.980773,-3.289576,1225,126.0,0.0
54.977347,-3.287216,1150,127.0,0.0
54.973425,-3.282841,1100,136.0,0.0
54.970444,-3.27992,1075,139.0,0.0
54.967399,-3.272092,1025,141.0,0.0
54.83516,-3.123973,2925,0.0,0.0
54.834755,-3.123123,2925,0.0,0.0
54.828706,-3.116282,2900,121.0,0.0
54.824767,-3.112687,2900,124.0,0.0
54.822238,-3.110138,2900,122.0,0.0
54.819771,-3.107346,2875,121.0,0.0
54.816073,-3.104164,2875,123.0,0.0
54.812001,-3.099713,2875,128.0,0.0
54.809045,-3.094979,2900,125.0,0.0
54.804928,-3.089604,2925,126.0,0.0
54.80098,-3.084656,2900,126.0,0.0
54.796209,-3.07862,2925,121.0,0.0
54.792257,-3.073392,2850,132.0,0.0
54.788432,-3.069245,2875,136.0,0.0
54.784884,-3.0648,2875,135.0,0.0
54.781076,-3.059115,2900,127.0,0.0
54.776904,-3.053945,2900,115.0,0.0
54.773978,-3.049675,2925,114.0,0.0
54.770953,-3.045316,2875,113.0,0.0
54.767517,-3.040722,2925,118.0,0.0
54.763767,-3.034544,2925,127.0,0.0
54.760285,-3.030228,2900,135.0,0.0
54.756772,-3.024611,2900,133.0,0.0
54.752458,-3.01795,2875,131.0,0.0
54.748362,-3.013824,2900,119.0,0.0
54.744786,-3.007743,2925,123.0,0.0
54.740183,-3.001477,2900,131.0,0.0
54.736978,-2.99673,2875,130.0,0.0
54.733027,-2.990163,2900,124.0,0.0
54.72824,-2.983764,2900,125.0,0.0
54.724967,-2.979714,2900,114.0,0.0
54.721528,-2.972987,2900,114.0,0.0
54.717513,-2.967756,2900,119.0,0.0
54.71415,-2.961607,2900,127.0,0.0
54.71059,-2.957035,2900,128.0,0.0
54.706682,-2.949807,2900,126.0,0.0
54.703544,-2.945754,2900,114.0,0.0
54.699178,-2.940059,2925,112.0,0.0
54.695464,-2.935374,2950,123.0,0.0
54.692597,-2.929881,2900,138.0,0.0
54.688644,-2.925053,2875,138.0,0.0
54.687136,-2.921764,2875,127.0,0.0
54.680399,-2.917228,2900,122.0,0.0
54.679691,-2.912052,2900,117.0,0.0
54.675567,-2.907697,2900,117.0,0.0
54.674204,-2.904726,2900,117.0,0.0
54.688038,-2.331217,2925,631.0,0.0
54.669781,-2.272439,2900,912.0,0.0
54.560667,-2.78261,2875,431.0,0.0
54.555873,-2.780976,2900,297.0,0.0
54.484403,-2.751761,2925,2546.0,0.0
54.480867,-2.755815,2900,2546.0,0.0
54.477275,-2.747828,2950,2546.0,0.0
54.465477,-2.739668,2875,2546.0,0.0
54.456562,-2.745504,2900,2546.0,0.0
54.452838,-2.738114,2900,2546.0,0.0
54.447108,-2.735847,2925,111.0,0.0
54.443444,-2.73948,2950,114.0,0.0
54.439614,-2.730634,2925,125.0,0.0
54.434713,-2.732721,2925,120.0,0.0
54.429086,-2.732685,2925,125.0,0.0
54.423293,-2.731204,2875,130.0,0.0
54.417359,-2.72376,2900,135.0,0.0
54.413422,-2.722403,2925,137.0,0.0
54.410688,-2.721261,2925,137.0,0.0
54.404998,-2.71768,2875,141.0,0.0
54.400797,-2.721681,2875,147.0,0.0
54.396049,-2.717189,2875,145.0,0.0
54.390594,-2.715454,2925,127.0,0.0
54.384788,-2.714185,2950,126.0,0.0
54.380924,-2.712353,2925,128.0,0.0
54.375534,-2.710929,2900,130.0,0.0
54.371072,-2.709485,2925,131.0,0.0
54.365516,-2.707263,2900,130.0,0.0
54.36406,-2.707067,2950,130.0,0.0
54.359407,-2.70719,2900,131.0,0.0
54.353577,-2.700926,2900,133.0,0.0
54.348678,-2.701571,2900,129.0,0.0
54.342987,-2.698293,2925,128.0,0.0
54.337321,-2.697473,2900,130.0,0.0
54.331753,-2.69635,2900,129.0,0.0
54.326971,-2.694364,2900,133.0,0.0
54.320878,-2.69356,2925,135.0,0.0
54.315935,-2.691526,2900,131.0,0.0
54.312351,-2.689892,2950,125.0,0.0
54.307718,-2.688737,2900,127.0,0.0
54.302108,-2.687552,2875,127.0,0.0
54.297547,-2.685172,2875,138.0,0.0
54.292339,-2.685042,2900,137.0,0.0
54.288033,-2.683491,2925,136.0,0.0
54.28408,-2.681964,2900,131.0,0.0
54.278648,-2.680184,2925,128.0,0.0
54.274544,-2.679016,2925,125.0,0.0
54.271062,-2.678859,2900,127.0,0.0
54.266019,-2.677256,2900,128.0,0.0
54.260481,-2.674997,2925,136.0,0.0
54.257358,-2.673461,2925,132.0,0.0
54.253026,-2.670901,2925,127.0,0.0
54.249614,-2.671429,2900,129.0,0.0
54.245832,-2.669925,2900,132.0,0.0
54.241053,-2.667554,2900,133.0,0.0
54.235979,-2.66651,2925,132.0,0.0
54.229867,-2.665752,2900,133.0,0.0
54.223777,-2.666175,2925,130.0,0.0
54.218796,-2.666302,2925,130.0,0.0
54.21423,-2.667059,2900,132.0,0.0
54.210945,-2.66736,2900,137.0,0.0
54.207465,-2.665561,2900,141.0,0.0
54.201767,-2.666152,2900,136.0,0.0
54.196888,-2.666977,2925,132.0,0.0
54.192131,-2.668264,2925,132.0,0.0
54.185864,-2.668869,2900,133.0,0.0
54.182089,-2.669079,2900,133.0,0.0
54.176137,-2.67041,2900,136.0,0.0
54.171299,-2.671253,2900,135.0,0.0
54.166637,-2.672486,2925,136.0,0.0
54.160918,-2.673105,2925,133.0,0.0
54.15474,-2.673902,2900,131.0,0.0
54.148248,-2.675018,2900,140.0,0.0
54.143338,-2.676229,2900,138.0,0.0
54.139158,-2.676596,2900,136.0,0.0
54.134303,-2.677546,2900,134.0,0.0
54.128204,-2.67848,2900,137.0,0.0
54.122611,-2.679671,2925,141.0,0.0
54.117789,-2.680157,2900,132.0,0.0
54.112955,-2.681171,2925,130.0,0.0
54.107205,-2.682255,2950,129.0,0.0
54.102093,-2.682742,2950,128.0,0.0
54.097266,-2.683892,2900,133.0,0.0
54.090867,-2.68529,2900,142.0,0.0
54.089576,-2.684714,2900,438.0,88.1
54.083724,-2.685075,2900,438.0,88.1
54.077681,-2.686534,2900,141.0,0.0
54.073181,-2.687269,2900,136.0,0.0
54.069019,-2.68817,2900,134.0,0.0
54.064084,-2.688864,2925,132.0,0.0
54.060263,-2.689385,2925,135.0,0.0
54.054719,-2.6908,2925,126.0,0.0
54.048821,-2.691608,2925,130.0,0.0
54.042424,-2.691943,2900,135.0,0.0
54.037156,-2.693246,2900,131.0,0.0
54.031735,-2.693241,2925,131.0,0.0
54.029518,-2.693428,2900,130.0,0.0
54.028284,-2.694682,2925,128.0,0.0
54.022139,-2.695549,2900,133.0,0.0
54.017124,-2.695938,2925,133.0,0.0
54.010882,-2.69655,2925,138.0,0.0
54.006774,-2.696537,2925,132.0,0.0
54.001516,-2.696336,2925,129.0,0.0
53.995566,-2.696931,2900,136.0,0.0
53.990956,-2.697979,2900,138.0,0.0
53.985243,-2.700073,2925,142.0,0.0
53.979467,-2.701901,2900,140.0,0.0
53.974124,-2.70559,2900,137.0,0.0
53.969768,-2.709047,2925,135.0,0.0
53.963769,-2.712384,2925,144.0,0.0
53.958714,-2.716395,2900,136.0,0.0
53.952771,-2.718874,2925,139.0,0.0
53.946671,-2.72032,2875,136.0,0.0
53.941632,-2.722219,2775,141.0,0.0
53.936464,-2.724409,2675,145.0,0.0
53.932444,-2.725252,2575,149.0,0.0
53.928003,-2.726731,2525,151.0,0.0
53.922295,-2.728984,2525,146.0,0.0
53.915954,-2.731727,2450,138.0,0.0
53.911965,-2.733499,2400,134.0,0.0
53.906721,-2.735534,2400,140.0,0.0
53.902744,-2.737725,2425,136.0,0.0
53.898304,-2.739302,2425,129.0,0.0
53.893653,-2.742038,2425,132.0,0.0
53.888922,-2.744996,2425,139.0,0.0
53.883392,-2.747187,2425,140.0,0.0
53.878072,-2.750883,2400,136.0,0.0
53.872231,-2.753502,2425,143.0,0.0
53.868001,-2.755594,2425,140.0,0.0
53.864183,-2.757301,2400,135.0,0.0
53.860767,-2.75863,2400,149.0,0.0
53.857112,-2.761005,2400,139.0,0.0
53.850882,-2.763635,2425,132.0,0.0
53.846775,-2.765734,2425,127.0,0.0
53.842372,-2.768789,2400,132.0,0.0
53.836937,-2.771118,2400,129.0,0.0
53.832192,-2.774054,2400,131.0,0.0
53.828247,-2.776773,2400,133.0,0.0
53.822748,-2.779505,2400,142.0,0.0
53.819267,-2.781187,2400,143.0,0.0
53.813962,-2.783303,2400,142.0,0.0
53.807814,-2.786879,2400,137.0,0.0
53.803642,-2.789356,2425,134.0,0.0
53.799356,-2.791636,2425,132.0,0.0
53.79263,-2.795608,2400,135.0,0.0
53.787649,-2.798126,2400,144.0,0.0
53.782313,-2.801172,2425,141.0,0.0
53.777383,-2.804492,2425,135.0,0.0
53.773067,-2.807166,2425,135.0,0.0
53.768187,-2.809027,2400,131.0,0.0
53.762961,-2.812578,2425,136.0,0.0
53.757347,-2.815791,2425,140.0,0.0
53.7522,-2.818235,2375,139.0,0.0
53.746138,-2.822315,2400,140.0,0.0
53.740082,-2.825006,2400,146.0,0.0
53.735851,-2.827354,2400,137.0,0.0
53.730634,-2.829912,2400,130.0,0.0
53.725768,-2.832646,2400,133.0,0.0
53.719809,-2.836859,2425,133.0,0.0
53.715028,-2.83848,2400,134.0,0.0
53.708981,-2.841672,2400,138.0,0.0
53.704368,-2.844284,2400,140.0,0.0
53.698772,-2.847097,2400,135.0,0.0
53.693317,-2.850433,2425,134.0,0.0
53.687983,-2.852936,2400,138.0,0.0
53.684047,-2.855206,2400,132.0,0.0
53.679361,-2.857717,2425,131.0,0.0
53.673064,-2.861053,2400,137.0,0.0
53.667441,-2.864251,2350,145.0,0.0
53.663339,-2.866244,2250,149.0,0.0
53.660613,-2.867845,2150,144.0,0.0
53.655339,-2.870529,2075,140.0,0.0
53.650859,-2.874122,2000,145.0,0.0
53.646742,-2.876108,1950,150.0,0.0
53.642629,-2.877686,1900,150.0,0.0
53.638045,-2.879725,1850,141.0,0.0
53.632522,-2.882635,1800,142.0,0.0
53.626226,-2.885999,1775,142.0,0.0
53.621983,-2.888934,1800,139.0,0.0
53.617259,-2.891781,1800,129.0,0.0
53.610422,-2.893924,1825,130.0,0.0
53.605463,-2.896645,1825,129.0,0.0
53.600216,-2.899599,1775,132.0,0.0
53.594943,-2.901999,1750,136.0,0.0
53.589873,-2.904746,1750,136.0,0.0
53.585843,-2.906622,1675,138.0,0.0
53.581639,-2.908412,1575,143.0,0.0
53.576871,-2.910831,1500,148.0,0.0
53.571248,-2.913478,1450,149.0,0.0
53.566347,-2.915722,1400,148.0,0.0
53.562915,-2.918015,1350,147.0,0.0
53.55723,-2.919274,1350,141.0,0.0
53.552371,-2.921603,1300,152.0,0.0
53.547856,-2.924457,1300,139.0,0.0
53.544242,-2.925933,1225,147.0,0.0
53.537859,-2.928663,1200,134.0,0.0
53.533325,-2.93175,1175,134.0,0.0
53.529726,-2.934538,1125,151.0,0.0
53.524574,-2.939042,1075,141.0,0.0
53.52087,-2.942365,1025,141.0,0.0
53.515307,-2.947282,1025,132.0,0.0
53.510258,-2.95344,1025,137.0,0.0
53.506539,-2.956936,1025,130.0,0.0
53.50209,-2.962713,1050,118.0,0.0
53.498289,-2.96843,1025,130.0,0.0
53.493973,-2.974886,1025,136.0,0.0
53.491445,-2.979688,1025,142.0,0.0
53.487679,-2.984074,1025,135.0,0.0
53.484325,-2.988462,1050,132.0,0.0
53.481281,-2.993317,1050,126.0,0.0
53.478501,-2.998688,1025,124.0,0.0
53.475052,-3.006253,1025,126.0,0.0
53.472001,-3.012949,1050,130.0,0.0
53.468487,-3.019878,1025,128.0,0.0
53.466101,-3.025495,1025,131.0,0.0
53.463022,-3.032272,1050,124.0,0.0
53.459649,-3.039409,1050,125.0,0.0
53.456418,-3.046193,1050,122.0,0.0
53.453069,-3.053944,1025,130.0,0.0
53.450238,-3.05989,1025,132.0,0.0
53.447027,-3.066769,1050,126.0,0.0
53.444344,-3.072971,1050,132.0,0.0
53.440872,-3.080496,1050,129.0,0.0
53.437251,-3.087557,1025,138.0,0.0
53.434495,-3.093825,1050,134.0,0.0
53.431822,-3.10026,1050,128.0,0.0
53.428704,-3.108919,1050,133.0,0.0
53.426047,-3.11457,1050,133.0,0.0
53.423191,-3.121278,1050,129.0,0.0
53.420796,-3.128817,1050,127.0,0.0
53.418202,-3.136954,1050,132.0,0.0
53.416263,-3.143964,1050,126.0,0.0
53.414421,-3.14934,1050,125.0,0.0
53.412607,-3.15705,1050,126.0,0.0
53.410119,-3.165764,1050,132.0,0.0
53.407687,-3.175035,1025,132.0,0.0
53.405063,-3.183486,1050,127.0,0.0
53.402911,-3.191436,1050,131.0,0.0
53.401142,-3.197112,1050,126.0,0.0
53.399151,-3.204117,1125,129.0,0.0
53.397457,-3.208755,1225,128.0,0.0
53.395591,-3.215045,1325,126.0,0.0
53.393188,-3.222016,1400,130.0,0.0
53.391572,-3.226764,1475,114.0,0.0
53.389859,-3.232183,1550,112.0,0.0
53.387623,-3.237691,1500,114.0,0.0
53.386067,-3.244423,1450,118.0,0.0
53.383941,-3.252632,1450,115.0,0.0
53.380864,-3.259006,1450,124.0,0.0
53.378557,-3.26935,1475,133.0,0.0
53.377267,-3.270815,1475,134.0,0.0
53.374414,-3.279338,1500,138.0,0.0
53.372459,-3.286313,1500,132.0,0.0
53.369866,-3.294233,1500,115.0,0.0
53.368261,-3.297547,1500,110.0,0.0
53.366303,-3.304099,1500,113.0,0.0
53.363628,-3.311573,1500,146.0,0.0
53.361608,-3.323789,1500,121.0,0.0
53.359733,-3.336023,1500,134.0,0.0
53.357577,-3.342738,1500,134.0,0.0
53.356468,-3.347588,1525,115.0,0.0
53.354709,-3.358204,1525,134.0,0.0
53.352912,-3.36447,1500,127.0,0.0
53.350728,-3.375414,1500,139.0,0.0
53.349931,-3.380908,1500,119.0,0.0
53.348478,-3.387276,1500,107.0,0.0
53.346955,-3.39462,1500,100.0,0.0
53.344787,-3.405791,1500,124.0,0.0
53.342618,-3.414816,1500,139.0,0.0
53.341013,-3.421174,1500,132.0,0.0
53.339085,-3.431525,1500,160.0,0.0
53.338333,-3.437755,1500,157.0,0.0
53.335694,-3.447985,1500,155.0,0.0
53.335941,-3.447476,1500,144.0,0.0
53.33366,-3.456223,1500,145.0,0.0
53.33393,-3.455027,1500,129.0,0.0
53.331547,-3.468307,1500,125.0,0.0
53.331816,-3.462464,1525,99.0,0.0
53.328484,-3.479326,1500,99.0,0.0
53.325646,-3.489972,1500,108.0,0.0
53.325407,-3.494796,1500,125.0,0.0
53.321817,-3.504421,1500,129.0,0.0
53.319497,-3.514442,1500,127.0,0.0
53.318118,-3.517115,1500,130.0,0.0
53.315134,-3.52553,1525,134.0,0.0
53.314214,-3.523647,1500,125.0,0.0
53.310149,-3.534886,1525,130.0,0.0
53.307479,-3.549307,1525,130.0,0.0
53.306478,-3.547137,1525,124.0,0.0
53.306223,-3.547482,1500,122.0,0.0
53.302569,-3.560906,1525,124.0,0.0
53.301842,-3.564548,1500,121.0,0.0
53.299315,-3.579261,1500,120.0,0.0
53.298165,-3.58259,1525,128.0,0.0
53.295185,-3.594494,1500,130.0,0.0
53.295529,-3.597898,1525,132.0,0.0
53.293667,-3.609826,1525,120.0,0.0
53.293212,-3.623607,1525,119.0,0.0
53.293433,-3.626314,1525,118.0,0.0
53.292134,-3.636046,1525,120.0,0.0
53.29247,-3.642227,1500,122.0,0.0
53.29243,-3.650418,1525,124.0,0.0
53.291823,-3.65434,1525,125.0,0.0
53.292181,-3.66132,1500,119.0,0.0
53.291742,-3.669131,1525,122.0,0.0
53.291646,-3.676212,1525,118.0,0.0
53.290629,-3.683803,1500,119.0,0.0
53.292047,-3.692351,1500,124.0,0.0
53.291812,-3.700216,1500,124.0,0.0
53.29419,-3.710131,1525,128.0,0.0
53.291898,-3.71375,1525,121.0,0.0
53.292794,-3.721068,1525,119.0,0.0
53.291653,-3.729767,1525,122.0,0.0
53.292537,-3.736409,1525,126.0,0.0
53.292534,-3.744554,1525,124.0,0.0
53.288933,-3.75412,1525,131.0,0.0
53.290819,-3.760294,1500,127.0,0.0
53.291124,-3.771466,1525,118.0,0.0
53.290889,-3.780687,1500,117.0,0.0
53.290303,-3.788951,1525,120.0,0.0
53.292068,-3.790863,1500,116.0,0.0
53.294414,-3.799658,1450,118.0,0.0
53.291494,-3.804629,1375,120.0,0.0
53.290063,-3.812399,1325,122.0,0.0
53.290092,-3.815763,1300,122.0,0.0
