lat,lon,alt,gs,track
26.528991,-81.758022,-50.0,0.0,53.4
26.528933,-81.75793,-50.0,0.0,53.4
26.528984,-81.758026,-50.0,0.0,53.4
26.528991,-81.758022,-50.0,0.0,53.4
26.528991,-81.758036,-50.0,0.0,53.4
26.528991,-81.758036,-50.0,0.0,53.4
26.528915,-81.757909,-50.0,0.0,53.4
26.529003,-81.758036,-50.0,0.0,53.4
26.528991,-81.758022,-50.0,0.0,53.4
26.528996,-81.758026,-50.0,0.0,53.4
26.528991,-81.758022,-50.0,0.0,53.4
26.529007,-81.758026,-50.0,0.0,53.4
26.529018,-81.758026,-50.0,0.0,53.4
26.529003,-81.758022,-50.0,0.0,53.4
26.529007,-81.758026,-50.0,0.0,53.4
26.528996,-81.758026,-50.0,0.0,53.4
26.528996,-81.758026,-50.0,0.0,53.4
26.528991,-81.758022,-50.0,0.0,53.4
26.528996,-81.758026,-50.0,0.0,53.4
26.528996,-81.758026,218,0.0,119.0
26.528927,-81.758103,-50.0,1.6,56.2
26.528898,-81.758141,-50.0,1.6,59.1
26.528875,-81.758154,-50.0,1.6,61.9
26.528847,-81.758194,-50.0,1.6,64.7
26.528835,-81.75822,-50.0,1.9,67.5
26.528778,-81.758349,-50.0,1.9,73.1
26.528794,-81.758379,-50.0,1.9,67.5
26.528491,-81.758656,-50.0,0.0,354.4
26.538895,-81.75103,25,165.4,54.1
26.539943,-81.749426,125,164.6,53.9
26.5412,-81.747525,225,163.8,53.7
26.542177,-81.746098,325,163.6,53.2
26.543335,-81.744396,425,162.6,52.5
26.544039,-81.743352,500,161.8,52.3
26.544708,-81.742427,600,160.2,51.8
26.54567,-81.74108,700,158.7,51.4
26.546448,-81.740043,800,157.3,51.5
26.547252,-81.738915,900,155.9,51.5
26.548136,-81.7377,1000,154.5,51.6
26.548828,-81.736727,1100,153.1,51.6
26.549744,-81.735431,1200,152.4,51.9
26.550613,-81.734135,1300,151.8,52.2
26.551674,-81.73263,1400,151.8,52.2
26.552765,-81.731078,1500,153.1,51.6
26.554095,-81.729355,1575,155.4,50.0
26.556015,-81.726829,1675,158.3,49.9
26.558258,-81.723875,1775,161.7,49.5
26.560472,-81.721009,1875,166.0,49.4
26.563359,-81.717312,1975,170.9,49.5
26.565453,-81.714671,2050,174.8,47.5
26.567551,-81.712526,2125,177.5,43.9
26.569736,-81.710657,2200,181.5,38.5
26.571625,-81.709416,2250,184.5,32.8
26.574112,-81.708069,2300,189.2,27.4
26.57634,-81.707084,2350,193.5,21.5
26.57914,-81.706326,2425,198.2,15.5
26.580551,-81.706048,2450,202.6,10.8
26.583097,-81.70585,2475,207.5,4.1
26.586495,-81.70585,2550,211.0,359.7
26.590851,-81.706048,2625,215.1,357.9
26.592733,-81.706115,2625,218.2,357.6
26.594742,-81.706203,2650,221.2,357.4
26.596876,-81.706326,2650,225.3,357.2
26.599182,-81.706514,2675,228.3,357.0
26.601242,-81.706618,2700,231.4,356.8
26.603906,-81.706801,2725,234.5,356.3
26.606559,-81.707012,2775,238.5,356.1
26.610051,-81.707329,2850,242.7,355.8
26.613693,-81.707602,2925,246.7,355.6
26.618546,-81.708069,3000,250.9,355.2
26.622803,-81.708483,3100,255.0,354.8
26.626602,-81.708898,3200,258.0,354.9
26.630219,-81.709261,3300,259.1,354.7
26.633932,-81.709653,3400,261.2,354.5
26.637051,-81.70997,3500,263.2,354.5
26.640496,-81.71034,3600,264.3,354.4
26.643997,-81.710764,3700,265.4,354.2
26.646606,-81.711075,3800,266.4,354.2
26.649673,-81.711385,3900,266.4,354.2
26.652878,-81.711748,4000,267.4,354.2
26.655487,-81.712059,4100,268.4,354.2
26.658744,-81.7124,4200,268.3,354.4
26.661491,-81.712717,4300,268.3,354.4
26.664185,-81.712992,4400,269.2,354.7
26.667356,-81.713298,4500,269.1,354.9
26.669963,-81.713509,4600,270.0,355.1
26.672989,-81.713826,4700,270.0,355.1
26.676178,-81.71408,4800,270.9,355.3
26.679199,-81.714339,4900,270.9,355.3
26.682393,-81.714618,5000,271.8,355.6
26.684813,-81.71483,5100,271.7,355.8
26.687932,-81.715094,5200,272.7,355.8
26.691238,-81.715358,5300,272.7,356.0
26.693891,-81.715516,5400,272.7,356.0
26.696869,-81.715739,5500,273.6,356.2
26.699989,-81.715992,5600,273.5,356.4
26.702682,-81.716153,5700,273.5,356.4
26.70575,-81.71636,5800,274.5,356.5
26.708229,-81.71652,5900,274.5,356.5
26.711472,-81.716775,6000,274.5,356.5
26.714095,-81.716942,6100,274.5,356.5
26.716782,-81.717138,6200,274.6,356.2
26.719541,-81.717365,6300,274.7,356.0
26.722055,-81.717576,6400,274.7,355.8
26.724655,-81.71776,6500,274.7,355.8
26.727356,-81.718019,6600,274.8,355.6
26.730714,-81.718316,6700,273.9,355.4
26.733307,-81.718537,6800,273.9,355.4
26.736021,-81.718791,6900,275.0,355.2
26.739166,-81.719107,7000,275.0,355.0
26.745471,-81.719742,7200,276.0,355.0
26.751663,-81.720351,7400,277.0,355.0
26.758209,-81.720973,7600,277.1,354.8
26.763766,-81.721538,7800,278.1,354.8
26.770294,-81.722165,8000,278.1,354.8
26.776801,-81.722805,8200,280.0,355.1
26.78369,-81.723439,8400,280.0,355.1
26.789789,-81.72402,8600,280.9,355.3
26.797165,-81.724704,8800,282.9,355.3
26.804313,-81.725341,9000,283.9,355.4
26.81218,-81.725999,9200,285.9,355.4
26.818954,-81.726621,9400,286.8,355.6
26.826691,-81.727243,9600,288.8,355.6
26.833786,-81.727865,9800,289.8,355.6
26.840515,-81.728435,10000,290.8,355.7
26.844543,-81.728746,10100,290.8,355.7
26.849888,-81.729196,10200,292.8,355.7
26.860291,-81.730042,10375,298.9,355.6
26.872372,-81.731098,10525,306.9,355.5
26.884552,-81.732166,10675,313.9,355.6
26.897836,-81.733316,10825,322.0,355.5
26.910545,-81.734425,10975,329.0,355.5
26.924103,-81.735638,11125,337.1,355.4
26.93843,-81.736908,11275,345.1,355.4
26.953653,-81.738334,11425,353.2,355.3
26.96841,-81.739655,11575,360.2,355.4
26.983958,-81.741028,11725,368.2,355.3
27.000092,-81.742479,11875,375.2,355.4
27.015427,-81.744144,11975,383.5,353.4
27.025715,-81.745993,12050,388.6,350.2
27.035072,-81.748264,12125,391.8,347.2
27.041217,-81.750165,12200,394.0,344.7
27.046478,-81.751909,12275,394.9,343.7
27.064774,-81.758129,12675,394.4,342.9
27.084274,-81.764762,13050,397.0,343.2
27.105011,-81.771655,13400,399.6,343.4
27.119006,-81.776258,13625,401.2,343.6
27.125336,-81.77834,13775,401.0,343.8
27.143306,-81.784181,14175,401.0,343.8
27.161087,-81.789948,14575,401.0,343.8
27.17981,-81.796011,14975,401.0,343.8
27.195445,-81.801136,15275,401.9,343.8
27.21785,-81.808397,15600,406.0,343.8
27.240275,-81.815767,15925,409.5,343.7
27.263397,-81.823373,16275,411.0,343.5
27.286222,-81.830978,16600,414.2,343.5
27.309172,-81.838584,16925,417.3,343.4
27.325,-81.843813,17125,419.2,343.5
27.349503,-81.851928,17450,423.1,343.7
27.374904,-81.860451,17750,425.8,342.9
27.401138,-81.869806,18050,429.8,342.1
27.426484,-81.879044,18350,432.3,341.9
27.451721,-81.888255,18600,435.8,341.8
27.456711,-81.890121,18675,435.8,341.8
27.477458,-81.897689,19050,434.2,342.0
27.494019,-81.90375,19250,434.2,342.0
27.522949,-81.914218,19550,438.3,342.1
27.551244,-81.924468,19825,442.1,342.2
27.577744,-81.933962,20125,443.1,342.3
27.585832,-81.93688,20225,443.1,342.3
27.606308,-81.944223,20500,443.1,342.3
27.614548,-81.947229,20575,444.0,342.3
27.644714,-81.95806,20800,448.4,342.2
27.672272,-81.967958,21100,449.4,342.2
27.700287,-81.978063,21400,450.7,342.2
27.732378,-81.989646,21675,452.9,342.1
27.744761,-81.994136,21775,454.8,342.2
27.766113,-82.00159,21875,456.6,343.6
27.776276,-82.004337,21925,458.2,346.8
27.786705,-82.006443,21975,460.5,350.4
27.797598,-82.00771,22050,462.4,354.2
27.808273,-82.008275,22150,463.4,357.8
27.833862,-82.008608,22400,466.0,359.4
27.864773,-82.009242,22700,465.1,358.6
27.892868,-82.010089,23025,464.2,358.4
27.914108,-82.010815,23275,462.2,358.3
27.925461,-82.011229,23375,462.2,358.1
27.964534,-82.01267,23600,466.3,358.0
27.979111,-82.013837,23725,467.3,355.7
27.99147,-82.015633,23875,466.0,352.5
28.004379,-82.018274,24025,465.0,349.3
28.017371,-82.021718,24175,462.3,346.2
28.045116,-82.029688,24450,460.1,345.8
28.078217,-82.038979,24675,462.3,346.2
28.115433,-82.04912,24850,464.7,346.6
28.132914,-82.053815,24975,464.5,346.7
28.151321,-82.058681,25100,465.2,346.8
28.181305,-82.066603,25400,464.3,346.8
28.222824,-82.077643,25600,465.5,346.7
28.260839,-82.087851,25825,467.9,346.5
28.281509,-82.093452,25925,469.1,346.4
28.30751,-82.10046,26050,470.6,346.7
28.32834,-82.105408,26175,471.1,348.7
28.349808,-82.109598,26300,472.2,350.7
28.364046,-82.111924,26375,472.6,352.0
28.385274,-82.114671,26425,475.6,354.0
28.407211,-82.116676,26525,477.2,355.9
28.427683,-82.11774,26600,478.4,357.7
28.449142,-82.118102,26700,479.0,359.8
28.472305,-82.117626,26825,480.2,1.5
28.494718,-82.11634,26900,481.9,3.5
28.517624,-82.11414,26950,484.1,5.3
28.538756,-82.111332,27050,484.9,7.2
28.559891,-82.107723,27175,485.3,9.2
28.582397,-82.102996,27300,486.0,11.0
28.602448,-82.097925,27400,486.8,13.2
28.623093,-82.091904,27500,487.6,15.0
28.642639,-82.085407,27625,488.1,16.9
28.664308,-82.077296,27775,488.9,18.7
28.706856,-82.060762,27975,491.1,18.8
28.723662,-82.0543,28075,491.7,18.6
28.766164,-82.038197,28150,494.3,18.4
28.774404,-82.035074,28175,495.2,18.4
28.783109,-82.031789,28225,495.2,18.4
28.793015,-82.028046,28325,494.6,18.5
28.802009,-82.024626,28425,493.6,18.5
28.812927,-82.020493,28600,490.5,18.5
28.822128,-82.017007,28775,488.3,18.5
28.840805,-82.009929,29175,480.0,18.6
28.851774,-82.005723,29375,475.9,18.6
28.861588,-82.001953,29575,470.5,18.6
28.873901,-81.997252,29725,466.4,18.6
28.886124,-81.992551,29875,463.3,18.6
28.896184,-81.988705,29950,462.3,18.7
28.913362,-81.982135,30000,460.1,18.6
28.953552,-81.966776,30025,457.9,18.6
28.993153,-81.951707,30000,459.8,18.5
29.032791,-81.936511,30000,462.3,18.7
29.073029,-81.921035,30000,463.3,18.6
29.113358,-81.905559,30000,464.5,18.7
29.153366,-81.890188,30000,464.5,18.7
29.194061,-81.874554,30000,465.5,18.7
29.234945,-81.858915,30000,467.4,17.8
29.250412,-81.853955,30000,467.2,15.1
29.26387,-81.850416,30000,467.4,12.1
29.280441,-81.847035,30000,466.7,9.7
29.322647,-81.838796,30000,471.0,9.9
29.365036,-81.830186,30000,476.6,10.3
29.407654,-81.82126,30000,476.8,10.4
29.450016,-81.812439,30000,474.7,10.3
29.49321,-81.803513,30000,474.7,10.3
29.535626,-81.794775,30000,476.3,10.0
29.55423,-81.790994,30025,476.3,10.0
29.56485,-81.788829,30075,476.3,10.0
29.59768,-81.782173,30350,474.3,10.1
29.63649,-81.774198,30575,474.5,10.2
29.662993,-81.768709,30750,474.7,10.3
29.685664,-81.76397,30925,472.7,10.4
29.699524,-81.761099,30975,471.5,10.3
29.742325,-81.752225,31025,467.4,10.2
29.78476,-81.743458,31000,468.4,10.2
29.827183,-81.734727,31000,469.4,10.2
29.869949,-81.725816,31000,470.7,10.4
29.912842,-81.716847,31000,470.6,10.3
29.955155,-81.708069,31000,469.6,10.3
29.997665,-81.699129,31000,469.6,10.3
30.040299,-81.690271,31000,468.4,10.2
30.082489,-81.681572,30975,468.4,10.2
30.124232,-81.672913,30975,467.4,10.2
30.166351,-81.664177,30975,467.4,10.2
30.208328,-81.655561,31000,467.3,10.1
30.250156,-81.646875,31000,467.4,10.2
30.291867,-81.638196,31000,466.4,10.2
30.334183,-81.629242,31025,466.6,10.4
30.375987,-81.620453,31025,465.6,10.4
30.417435,-81.611777,31025,465.5,10.3
30.459824,-81.602891,31000,464.5,10.3
30.501585,-81.594141,31000,463.5,10.3
30.543549,-81.58528,31000,463.5,10.3
30.584518,-81.576718,30975,463.3,10.2
30.626358,-81.567993,30975,463.5,10.3
30.66774,-81.559215,31000,463.5,10.3
30.709351,-81.550437,30975,463.5,10.3
30.75119,-81.541604,31000,463.5,10.3
30.792618,-81.53288,31000,463.5,10.3
30.833817,-81.524209,31000,464.5,10.3
30.875931,-81.515323,31000,464.5,10.3
30.917948,-81.506415,31000,464.5,10.3
30.960205,-81.497498,31000,464.5,10.3
31.002594,-81.488504,31000,464.7,10.4
31.044571,-81.479618,31000,465.6,10.4
31.086502,-81.470678,31025,465.6,10.4
31.10257,-81.466747,31000,465.9,12.4
31.113328,-81.463293,31000,467.6,15.8
31.122778,-81.459448,31000,470.0,19.5
31.13237,-81.454737,31000,471.7,23.4
31.142702,-81.448792,31000,474.5,26.9
31.152432,-81.442145,31025,476.1,30.5
31.161575,-81.43508,31025,479.0,34.0
31.174896,-81.423771,31025,481.2,36.5
31.210556,-81.393558,31025,480.3,35.5
31.246141,-81.364471,31025,479.9,34.8
31.282592,-81.335248,31000,479.9,34.4
31.318222,-81.306745,31025,479.6,34.5
31.354375,-81.277679,31000,480.7,34.8
31.390274,-81.248582,31000,480.7,34.8
31.426019,-81.219617,31000,480.5,34.9
31.461914,-81.190365,31000,481.1,35.0
31.497849,-81.16096,31000,481.1,35.0
31.534195,-81.131233,31000,481.1,35.0
31.569992,-81.102097,31000,480.5,34.9
31.605972,-81.072801,31000,480.5,34.9
31.641357,-81.043881,31000,480.5,34.9
31.677587,-81.014337,31000,480.5,34.9
31.713572,-80.984894,31000,481.1,35.0
31.749619,-80.955344,31000,481.9,34.9
31.786194,-80.925403,31000,481.9,34.9
31.822174,-80.89585,31000,482.4,35.0
31.8582,-80.866187,31000,482.4,35.0
31.893962,-80.836842,31000,481.9,34.9
31.930069,-80.80719,31000,482.4,35.0
31.965839,-80.777706,31000,483.0,35.1
32.002429,-80.747494,31000,483.0,35.1
32.038193,-80.717981,31000,483.0,35.1
32.074166,-80.688358,31000,482.4,35.0
32.110657,-80.658215,31000,482.2,35.2
32.146957,-80.628113,31025,482.2,35.2
32.182846,-80.59834,31025,481.4,35.3
32.218735,-80.568567,31025,481.4,35.3
32.255127,-80.5383,31000,480.8,35.2
32.29097,-80.508527,30975,481.4,35.3
32.326813,-80.478699,31000,480.8,35.2
32.362371,-80.449125,30975,480.8,35.2
32.39827,-80.419263,31000,480.6,35.3
32.433735,-80.389541,31000,480.6,35.3
32.469394,-80.359777,30975,481.4,35.3
32.505891,-80.329341,30975,482.8,35.3
32.541733,-80.299237,30975,483.4,35.4
32.578187,-80.268804,30975,483.6,35.2
32.614517,-80.238428,31000,484.2,35.3
32.650543,-80.20827,31025,484.2,35.3
32.686607,-80.177942,31025,483.4,35.4
32.723104,-80.147169,31025,483.9,35.5
32.758987,-80.116919,31025,484.8,35.4
32.795074,-80.08652,31000,484.8,35.4
32.830856,-80.056274,31000,485.3,35.5
32.866997,-80.025759,31000,485.3,35.5
32.902771,-79.99552,31000,485.3,35.5
32.938455,-79.965222,31025,484.5,35.6
32.974254,-79.934842,31000,484.5,35.6
33.010006,-79.904517,31025,483.7,35.7
33.046143,-79.873846,31025,483.1,35.6
33.082348,-79.843028,31025,481.5,35.7
33.11796,-79.812647,31025,480.1,35.7
33.153573,-79.782322,31000,480.1,35.7
33.188828,-79.752283,30975,479.5,35.6
33.224099,-79.722234,30975,479.5,35.6
33.259805,-79.691797,30950,479.5,35.6
33.295185,-79.661585,30950,480.1,35.7
33.330797,-79.631092,30950,481.5,35.7
33.366898,-79.600177,30950,482.1,35.8
33.402649,-79.56947,30975,482.9,35.7
33.438147,-79.538998,30975,483.7,35.7
33.473666,-79.508561,31000,484.3,35.8
33.51004,-79.477295,31000,485.7,35.8
33.545682,-79.446716,31025,485.1,35.7
33.581451,-79.416018,31050,484.3,35.8
33.617065,-79.385245,31050,484.1,35.9
33.652451,-79.354584,31050,483.3,36.0
33.687927,-79.323755,31050,482.4,36.1
33.723724,-79.292702,31025,481.9,36.0
33.759155,-79.261985,31025,481.9,36.0
33.79454,-79.231381,31000,480.7,35.8
33.829926,-79.200664,31025,479.1,35.9
33.865036,-79.170115,31025,477.7,35.9
33.899805,-79.139957,31025,475.5,35.9
33.935257,-79.109018,31000,475.2,36.1
33.97023,-79.078525,31000,473.8,36.1
34.004745,-79.048425,31000,471.9,36.0
34.039462,-79.018078,30975,470.5,35.9
34.073817,-78.988037,30975,470.8,36.2
34.108154,-78.957731,30975,470.6,36.4
34.143265,-78.926734,30950,470.0,36.3
34.178238,-78.896017,30950,470.2,36.1
34.212936,-78.865581,30950,471.1,36.0
34.247543,-78.835256,30950,471.6,36.1
34.28215,-78.80482,30975,472.4,36.0
34.316803,-78.774495,31000,472.4,36.0
34.352142,-78.743442,31000,472.4,36.0
34.387347,-78.712292,31000,472.8,36.3
34.421935,-78.681622,31000,473.4,36.4
34.454568,-78.651924,31000,474.4,37.4
34.488922,-78.619902,31025,474.1,37.7
34.523117,-78.587952,31025,473.3,37.8
34.557076,-78.556194,31050,471.2,37.7
34.590827,-78.524837,31050,467.0,37.6
34.624623,-78.493366,31025,460.6,37.6
34.657815,-78.462467,31000,457.8,37.5
34.690659,-78.432013,31000,457.2,37.5
34.723268,-78.401756,31000,455.0,37.5
34.756302,-78.370972,31000,452.8,37.5
34.789279,-78.340302,31000,452.8,37.5
34.822266,-78.309538,31000,452.8,37.5
34.855133,-78.278821,30975,452.8,37.5
34.888435,-78.247719,30975,452.7,37.7
34.921143,-78.216995,30975,452.0,37.6
34.953827,-78.186334,30975,452.7,37.7
34.986381,-78.155766,31000,452.7,37.7
35.018828,-78.125267,31000,451.9,37.8
35.05174,-78.094368,31025,450.6,37.6
35.084187,-78.063812,31025,449.1,37.8
35.116241,-78.033478,31025,448.3,37.8
35.149017,-78.002649,31050,446.2,37.7
35.181335,-77.972213,31025,445.6,37.6
35.213608,-77.941832,31025,444.1,37.8
35.246063,-77.911148,31000,443.3,37.8
35.277969,-77.880936,31000,442.7,37.8
35.310333,-77.850323,31000,441.9,37.8
35.342285,-77.82011,30975,441.1,37.9
35.374146,-77.789841,30975,439.7,37.9
35.40564,-77.759857,31000,440.3,38.0
35.4375,-77.729416,31000,439.5,38.1
35.469453,-77.698936,31000,438.9,38.0
35.501156,-77.668606,30975,438.9,38.0
35.532669,-77.638607,30975,438.9,38.0
35.564758,-77.607994,30975,439.7,37.9
35.596355,-77.577969,30950,440.5,37.8
35.628662,-77.547231,30950,442.5,37.9
35.660889,-77.516212,30950,444.3,38.2
35.692612,-77.4856,30975,445.7,38.3
35.724243,-77.455044,31000,445.1,38.2
35.756149,-77.424374,31000,441.1,37.9
35.78801,-77.393532,31000,439.8,38.5
35.819107,-77.363327,31000,437.3,38.1
35.850769,-77.332764,31000,436.7,38.0
35.882511,-77.302084,31000,437.1,38.3
35.913712,-77.271996,30975,434.2,37.6
35.927628,-77.259521,31000,431.3,35.8
35.941498,-77.248077,31000,430.2,33.4
35.957016,-77.236176,31000,428.6,31.4
35.990387,-77.211456,31000,427.2,31.3
36.02403,-77.186318,31000,429.4,31.3
36.057315,-77.161307,31000,430.5,31.5
36.090775,-77.135868,30975,430.2,31.7
36.103638,-77.126083,30900,430.2,31.7
36.128677,-77.107029,30625,428.8,31.6
36.157974,-77.08477,30375,426.6,31.7
36.184937,-77.064228,30125,424.3,31.7
36.211578,-77.044086,29850,420.2,31.6
36.23822,-77.023888,29600,415.2,31.5
36.265124,-77.003524,29350,410.2,31.4
36.293976,-76.981659,29100,409.9,31.6
36.303437,-76.974481,29050,410.8,31.6
36.335953,-76.949787,29000,415.2,31.5
36.368517,-76.925042,29000,415.7,31.6
36.400591,-76.900615,29000,415.7,31.6
36.433044,-76.875801,29000,414.9,31.7
36.465729,-76.850796,29000,422.1,31.7
36.49877,-76.825523,29000,422.9,31.7
36.531921,-76.800041,29000,422.6,31.9
36.564926,-76.77475,29000,421.2,31.8
36.597473,-76.749744,29000,422.9,31.7
36.630187,-76.724659,29000,422.1,31.7
36.663565,-76.699063,29000,428.8,31.6
36.697403,-76.672955,29000,432.9,31.8
36.731345,-76.646819,29000,432.1,31.9
36.764816,-76.62099,29000,429.8,31.9
36.798431,-76.594963,29000,428.5,31.8
36.832123,-76.569042,29000,427.9,31.7
36.865509,-76.5433,29000,428.5,31.8
36.898956,-76.517438,29000,429.0,32.0
36.932264,-76.491533,29000,427.3,32.1
36.965363,-76.465739,29000,425.9,32.0
36.998136,-76.440184,29000,426.8,32.0
37.031095,-76.414569,29000,425.4,31.9
37.064193,-76.388895,29000,425.4,31.9
37.09692,-76.363399,29000,425.4,31.9
37.130356,-76.337332,29000,425.4,31.9
37.163589,-76.311386,29000,425.9,32.0
37.196365,-76.285673,29000,423.7,32.1
37.228912,-76.260194,29000,423.7,32.1
37.261093,-76.234949,29000,423.2,32.0
37.294022,-76.209173,29000,423.7,32.1
37.327057,-76.183231,29000,423.7,32.1
37.360079,-76.157346,29000,423.7,32.1
37.392945,-76.131552,29000,423.7,32.1
37.425568,-76.10586,29000,424.2,32.2
37.458212,-76.080143,29000,424.2,32.2
37.491077,-76.05417,29000,423.4,32.3
37.523621,-76.028429,29000,422.8,32.2
37.555832,-76.003,29000,422.8,32.2
37.588852,-75.976829,29000,423.4,32.3
37.621703,-75.950815,29000,422.5,32.3
37.654404,-75.924059,29000,422.4,33.3
37.686905,-75.896886,29000,421.9,33.7
37.718951,-75.86997,29000,421.9,33.7
37.751266,-75.843006,29000,422.1,33.5
37.783705,-75.815994,29000,421.6,33.4
37.815903,-75.789243,29000,421.6,33.4
37.847626,-75.762888,29000,421.6,33.4
37.879852,-75.736006,29000,421.6,33.4
37.911942,-75.7093,29000,422.1,33.5
37.943891,-75.682605,29000,420.7,33.5
37.975616,-75.656121,29000,419.9,33.5
38.007994,-75.629047,29000,420.7,33.5
38.039975,-75.602238,29000,419.9,33.5
38.071609,-75.575652,29000,419.9,33.5
38.104019,-75.548479,29000,419.9,33.5
38.135966,-75.521632,29000,419.1,33.6
38.16806,-75.494716,29000,419.1,33.6
38.197089,-75.470521,29000,418.3,32.7
38.211777,-75.459419,29000,417.8,30.5
38.225579,-75.449862,29000,417.0,28.4
38.241593,-75.439652,29000,416.8,26.2
38.256912,-75.430785,29000,415.4,24.2
38.273254,-75.422194,29000,415.4,22.1
38.289355,-75.414575,29000,414.1,20.0
38.306952,-75.407171,29000,413.3,18.0
38.323431,-75.401021,29000,412.8,15.9
38.339813,-75.395722,29000,412.1,13.9
38.357228,-75.39087,29000,411.9,11.9
38.373825,-75.387015,29000,412.0,9.8
38.411276,-75.379347,29000,411.3,9.2
38.447633,-75.371582,29000,410.8,9.7
38.484833,-75.363405,29000,410.4,10.1
38.495721,-75.360291,29000,412.1,13.3
38.504287,-75.356934,29000,413.4,17.2
38.512802,-75.352836,29000,415.1,20.4
38.520859,-75.34806,29000,417.0,24.7
38.529694,-75.342029,29000,418.2,27.8
38.54083,-75.333679,29000,419.2,30.5
38.573976,-75.308899,29000,419.4,30.0
38.606935,-75.284973,29000,418.2,29.5
38.640452,-75.260864,29000,418.2,29.5
38.673981,-75.236644,29000,417.4,29.6
38.707214,-75.212581,29000,417.4,29.6
38.74026,-75.188599,29000,417.9,29.7
38.772903,-75.164934,29000,417.4,29.6
38.805954,-75.140991,29000,416.0,29.5
38.839142,-75.116869,29000,414.3,29.7
38.872329,-75.092712,29000,414.3,29.7
38.905014,-75.068864,29000,414.3,29.7
38.937549,-75.045105,29000,413.4,29.7
38.970461,-75.020996,29000,413.4,29.7
39.003373,-74.996948,29000,414.3,29.7
39.036007,-74.973145,29000,414.3,29.7
39.06926,-74.94885,29000,415.6,29.7
39.102623,-74.924438,29000,415.6,29.7
39.135675,-74.900146,29000,415.3,29.9
39.168411,-74.876006,29000,415.3,29.9
39.201599,-74.851466,29000,413.9,29.9
39.2341,-74.827523,29000,412.5,29.8
39.267334,-74.802982,29000,413.9,29.9
39.30047,-74.778564,29000,414.8,29.8
39.333103,-74.754456,29000,415.3,29.9
39.36555,-74.730408,29000,415.3,29.9
39.398509,-74.705994,29000,414.8,29.8
39.431608,-74.681458,29000,415.3,29.9
39.464127,-74.657354,29000,414.4,30.0
39.497314,-74.632694,29000,413.0,29.9
39.530319,-74.608154,29000,413.5,30.0
39.562885,-74.583862,29000,413.5,30.0
39.595459,-74.559611,29000,413.0,29.9
39.62796,-74.53537,29000,413.5,30.0
39.660416,-74.511069,29000,414.0,30.2
39.693466,-74.48617,29000,413.2,30.2
39.725647,-74.462048,29000,414.4,30.0
39.758311,-74.437622,29000,414.9,30.1
39.790787,-74.413266,29000,415.8,30.0
39.823746,-74.388667,29000,415.3,29.9
39.856659,-74.364007,29000,414.9,30.1
39.889206,-74.339467,29000,415.4,30.2
39.922211,-74.314449,29000,415.0,30.4
39.955181,-74.289301,29000,413.7,30.4
39.987953,-74.264457,29000,413.2,30.2
40.020447,-74.239929,29000,414.0,30.2
40.053497,-74.214844,29000,413.2,30.2
40.085815,-74.190369,29000,411.8,30.2
40.118683,-74.165466,29000,410.9,30.2
40.151445,-74.140549,29000,410.9,30.2
40.183659,-74.116079,29000,411.8,30.2
40.198509,-74.104344,29000,413.4,32.2
40.208797,-74.095105,29000,415.0,35.0
40.21997,-74.083932,29000,417.0,37.7
40.249949,-74.053532,29000,416.3,37.8
40.280022,-74.02332,29000,416.6,37.4
40.310653,-73.992857,29000,416.8,37.2
40.340866,-73.96277,29000,416.0,37.3
40.371078,-73.932745,29000,416.0,37.3
40.40094,-73.903015,29000,414.6,37.3
40.431131,-73.872944,29000,415.2,37.4
40.461044,-73.84314,29000,416.0,37.3
40.491028,-73.813171,29000,415.2,37.4
40.521442,-73.782744,29000,415.2,37.4
40.551407,-73.752686,29000,414.4,37.5
40.581802,-73.722046,29000,415.0,37.6
40.611986,-73.691607,29000,414.2,37.6
40.641966,-73.66127,29000,416.4,37.6
40.672038,-73.630933,29000,415.8,37.5
40.70192,-73.60083,29000,417.2,37.5
40.719289,-73.583305,28975,415.8,37.5
40.73102,-73.571507,28875,415.0,37.6
40.754196,-73.548096,28600,413.6,37.5
40.779831,-73.522278,28350,413.0,37.4
40.792329,-73.509646,28200,413.0,37.4
40.801593,-73.500283,28050,413.6,37.5
40.818924,-73.482727,27700,412.8,37.6
40.837784,-73.46344,27350,407.7,37.8
40.85024,-73.450158,27125,403.8,40.1
40.85907,-73.439453,26975,403.3,43.2
40.866623,-73.42926,26900,403.2,46.4
40.876373,-73.414734,26800,403.9,48.8
40.896881,-73.384033,26525,407.3,48.5
40.919037,-73.351074,26275,405.2,48.4
40.941284,-73.318054,26050,401.6,48.3
40.961314,-73.288546,25800,398.0,48.3
40.98349,-73.255798,25575,395.1,48.1
41.004181,-73.225281,25325,395.2,48.3
41.025879,-73.193054,25075,396.0,48.4
41.047668,-73.160643,24850,394.5,48.4
41.068291,-73.129994,24600,394.5,48.4
41.089783,-73.097961,24375,391.7,48.4
41.111023,-73.066345,24125,389.6,48.3
41.132401,-73.034424,23900,389.7,48.5
41.152364,-73.004525,23650,388.9,48.4
41.173825,-72.972315,23425,386.8,48.6
41.19496,-72.940729,23175,384.7,48.5
41.205963,-72.923523,23075,385.0,50.5
41.210678,-72.914917,23025,387.3,54.7
41.216001,-72.903713,23025,389.9,58.1
41.220098,-72.893788,23000,393.3,61.6
41.227826,-72.873563,22950,394.0,63.6
41.233566,-72.857788,22875,394.0,64.3
41.245056,-72.825195,22600,393.3,65.2
41.25734,-72.789542,22350,390.2,65.5
41.269536,-72.754149,22100,389.3,65.4
41.280807,-72.72168,21825,389.7,65.3
41.291885,-72.690002,21550,391.5,65.1
41.304171,-72.655022,21300,391.9,64.9
41.316787,-72.619254,21050,391.5,65.1
41.331916,-72.576245,21000,390.6,65.0
41.34686,-72.533549,21000,390.1,65.1
41.361663,-72.491039,21000,389.7,65.3
41.376513,-72.44828,21000,388.8,65.2
41.391312,-72.405645,21000,388.4,65.3
41.405888,-72.363494,21000,388.4,65.3
41.420929,-72.320064,21000,389.7,65.3
41.435715,-72.27718,21000,389.3,65.4
41.450729,-72.233797,21000,388.4,65.3
41.465469,-72.191162,21000,389.7,65.3
41.480255,-72.148403,21000,390.6,65.3
41.49527,-72.10477,21000,389.3,65.4
41.509839,-72.062264,21000,388.0,65.5
41.52455,-72.019405,21000,386.7,65.6
41.539167,-71.976673,21000,388.0,65.5
41.553864,-71.93392,21000,388.0,65.5
41.568402,-71.891401,21000,387.6,65.6
41.582977,-71.848464,21000,386.2,65.7
41.59759,-71.805363,21000,386.2,65.7
41.61232,-71.762009,21000,387.6,65.6
41.621567,-71.734793,20975,387.6,65.6
41.626499,-71.720347,20900,387.6,65.6
41.637485,-71.687771,20625,384.5,65.9
41.642234,-71.673719,20450,383.6,65.8
41.64743,-71.658325,20225,382.7,65.8
41.65448,-71.637476,19825,381.8,65.7
41.662308,-71.614317,19425,379.5,65.7
41.670258,-71.59081,19025,377.3,65.7
41.677872,-71.56825,18625,376.0,65.8
41.685333,-71.54609,18225,375.1,65.8
41.691765,-71.527,17850,374.2,65.7
41.697677,-71.509435,17450,375.1,65.8
41.702225,-71.496027,17175,376.4,65.7
41.710107,-71.472707,16775,373.8,65.8
41.717422,-71.451021,16375,371.9,65.7
41.724724,-71.430231,16025,367.6,64.2
41.729736,-71.417812,15775,366.1,61.3
41.731102,-71.414582,15725,364.9,60.6
41.733197,-71.409728,15675,363.3,60.1
41.745575,-71.380983,15400,353.9,60.2
41.753214,-71.363227,15100,349.9,60.0
41.755692,-71.357512,15000,348.5,60.0
41.763153,-71.340283,14600,345.4,60.0
41.769787,-71.324775,14300,340.8,60.3
41.772125,-71.319434,14150,340.0,60.2
41.774139,-71.31469,14025,340.0,60.2
41.778397,-71.304828,13725,342.2,60.2
41.779516,-71.3021,13650,342.2,60.2
41.784683,-71.290028,13400,342.2,60.2
41.793503,-71.269309,13025,338.1,60.4
41.798676,-71.257137,12825,336.8,60.5
41.803816,-71.244933,12675,334.9,60.7
41.814514,-71.219122,12500,325.4,61.2
41.823624,-71.196962,12350,316.0,61.2
41.833703,-71.172819,12175,306.3,60.7
41.843432,-71.15008,12000,296.6,60.1
41.850788,-71.132962,11875,290.7,60.1
41.858608,-71.114757,11750,283.2,59.9
41.867111,-71.095276,11650,285.0,59.7
41.874252,-71.079108,11525,290.5,59.4
41.881119,-71.063565,11375,292.2,59.6
41.888355,-71.046987,11250,290.4,59.8
41.895767,-71.029982,11125,290.4,59.8
41.902679,-71.014002,11000,289.0,59.9
41.909592,-70.998084,10875,288.1,59.8
41.916799,-70.981389,10750,287.1,60.1
41.923968,-70.96459,10625,285.8,60.2
41.931107,-70.947897,10500,286.6,60.3
41.938248,-70.93123,10375,287.1,60.1
41.945297,-70.914813,10250,287.6,60.0
41.952072,-70.899083,10125,287.6,60.0
41.958975,-70.883086,10000,288.5,60.1
41.966423,-70.86584,9875,289.0,59.9
41.973175,-70.850206,9750,289.9,60.0
41.979904,-70.834725,9625,289.0,59.9
41.987091,-70.817934,9500,288.5,60.1
41.994634,-70.80037,9375,288.0,60.2
42.001431,-70.784465,9250,287.1,60.1
42.008414,-70.768496,9125,285.7,59.0
42.011905,-70.761662,9075,283.5,55.6
42.015564,-70.755324,9025,281.1,51.5
42.020657,-70.74761,8950,279.8,48.3
42.030805,-70.732791,8825,279.5,47.2
42.040558,-70.718557,8700,280.3,47.6
42.049667,-70.705136,8575,280.4,47.9
42.058823,-70.691403,8450,279.0,48.2
42.06814,-70.677348,8325,275.5,48.4
42.078003,-70.66244,8200,272.7,48.4
42.08718,-70.648477,8075,271.3,48.4
42.096954,-70.633725,7950,270.6,48.3
42.102173,-70.626297,7875,268.7,45.9
42.105286,-70.622739,7850,267.7,42.0
42.108222,-70.619926,7800,266.4,36.9
42.111694,-70.617308,7775,264.3,31.2
42.114972,-70.615391,7775,262.6,25.5
42.118184,-70.613985,7750,261.3,19.7
42.121815,-70.612836,7725,259.0,14.3
42.127121,-70.611565,7725,256.0,10.1
42.135544,-70.609755,7675,251.9,8.7
42.141037,-70.608694,7625,248.6,8.3
42.146627,-70.607598,7525,246.5,8.2
42.154587,-70.606072,7325,246.5,8.2
42.162735,-70.604449,7150,247.6,8.4
42.169577,-70.603063,7025,247.6,8.4
42.173492,-70.602327,6925,247.8,8.6
42.179121,-70.601147,6825,247.8,8.6
42.184195,-70.600125,6725,246.8,8.6
42.190526,-70.598975,6625,245.7,6.8
42.194483,-70.598783,6525,245.5,3.5
42.197845,-70.598956,6450,246.0,359.1
42.201141,-70.599393,6350,246.2,354.4
42.20517,-70.600454,6250,247.1,349.5
42.209427,-70.601765,6150,247.4,346.9
42.21329,-70.603063,6050,248.6,345.8
42.216828,-70.60434,5950,248.4,345.1
42.221008,-70.605885,5850,248.9,344.6
42.225128,-70.607445,5750,249.4,344.2
42.229019,-70.608944,5650,250.4,344.2
42.23233,-70.610153,5600,250.4,344.2
42.238129,-70.612439,5525,248.5,344.1
42.246826,-70.615748,5450,244.1,344.3
42.253143,-70.61812,5375,240.0,344.3
42.261518,-70.621267,5300,235.6,344.5
42.268966,-70.624077,5225,231.5,344.5
42.276182,-70.62676,5125,227.3,344.4
42.283491,-70.629443,5050,222.9,344.6
42.290055,-70.631934,4975,219.1,344.4
42.29592,-70.634106,4925,214.7,344.6
42.300622,-70.63583,4875,210.6,344.6
42.305237,-70.637533,4800,206.5,344.5
42.311003,-70.639663,4725,202.1,344.8
42.316818,-70.64184,4625,198.0,344.8
42.318649,-70.642464,4625,197.0,344.7
42.322861,-70.644025,4575,192.9,344.7
42.32547,-70.645024,4550,189.7,344.7
42.330043,-70.646689,4450,186.8,344.5
42.333847,-70.648145,4350,185.9,344.4
42.337326,-70.649456,4250,185.9,344.4
42.341217,-70.650891,4150,185.9,344.4
42.344696,-70.652202,4050,185.9,344.4
42.349781,-70.654098,3950,184.6,344.6
42.353806,-70.655573,3900,180.8,344.3
42.356438,-70.656589,3900,177.6,344.3
42.359464,-70.657739,3900,173.5,344.3
42.361792,-70.658633,3875,169.4,344.2
42.367538,-70.660754,3875,165.0,344.5
42.380768,-70.665873,3875,162.6,343.6
42.383252,-70.667192,3850,162.9,338.0
42.384975,-70.668534,3850,163.9,330.8
42.386697,-70.670258,3825,164.8,325.6
42.388046,-70.671928,3800,165.4,320.1
42.389099,-70.673613,3775,166.4,312.3
42.390198,-70.675798,3725,167.8,307.0
42.390976,-70.677733,3700,168.8,301.4
42.3918,-70.680292,3650,171.5,293.7
42.392609,-70.683991,3600,172.7,288.2
42.393354,-70.688079,3525,173.2,284.0
42.394226,-70.693588,3425,173.4,281.3
42.394983,-70.699321,3325,172.8,280.3
42.395635,-70.703984,3225,173.6,280.0
42.396286,-70.709444,3125,174.4,279.6
42.396881,-70.71425,3025,174.3,279.2
42.397637,-70.720719,2950,173.1,279.0
42.398804,-70.730792,2900,172.0,278.7
42.40029,-70.744288,2875,175.4,277.2
42.400452,-70.749019,2875,177.2,272.9
42.40036,-70.752952,2875,180.1,268.1
42.399948,-70.757883,2875,182.1,263.7
42.39917,-70.763751,2875,183.8,260.0
42.397385,-70.775549,2875,184.9,258.1
42.396287,-70.782613,2850,185.2,257.8
42.394844,-70.79098,2750,186.8,257.0
42.393633,-70.79807,2650,187.0,256.7
42.392395,-70.805012,2550,185.1,256.6
42.391159,-70.811941,2450,184.1,256.5
42.389832,-70.819244,2350,183.1,256.4
42.38855,-70.826423,2250,181.9,256.6
42.387349,-70.833265,2150,180.7,256.9
42.386185,-70.840291,2050,178.5,257.0
42.384933,-70.847272,1950,177.8,256.7
42.383789,-70.853826,1850,176.8,256.6
42.382599,-70.86063,1750,174.9,256.4
42.38139,-70.867501,1650,174.6,256.8
42.380226,-70.874144,1550,174.4,257.1
42.379109,-70.880659,1450,173.7,256.7
42.377945,-70.887302,1350,172.7,256.6
42.376735,-70.894201,1250,169.5,256.7
42.375549,-70.900955,1150,165.4,256.7
42.374454,-70.906975,1100,160.6,256.3
42.373581,-70.912004,1000,158.4,256.5
42.372545,-70.917898,925,154.0,256.9
42.371428,-70.924094,825,149.2,256.4
42.370148,-70.93148,725,146.0,256.5
42.368912,-70.938533,625,144.8,256.8
42.367722,-70.945462,525,143.8,256.7
42.366531,-70.952266,425,143.8,256.7
42.365295,-70.959258,325,142.6,257.0
42.364243,-70.965313,225,143.1,256.3
42.363048,-70.972063,125,139.7,256.8
42.361792,-70.979281,25,139.7,256.8
42.360488,-70.986435,-75,139.0,256.3
42.35939,-70.992591,-150,137.8,256.6
42.358795,-70.995837,-150,134.6,256.7
42.358521,-70.99746,-125,130.5,256.7
42.358393,-70.998315,-125,127.3,256.8
42.358254,-70.999082,-125,124.4,256.5
42.358114,-70.999784,-125,121.3,256.6
42.357971,-71.000519,-125,118.4,256.3
42.35788,-71.001205,-125,116.2,256.6
42.357788,-71.001573,-125,113.0,256.7
42.357648,-71.002275,-125,109.9,256.9
42.357513,-71.003203,-125,105.8,256.9
42.357468,-71.003453,-125,102.6,257.0
42.357427,-71.003617,-50.0,97.0,255.9
42.357218,-71.004798,-50.0,89.0,258.8
42.357124,-71.00531,-50.0,85.0,258.8
42.357056,-71.005731,-50.0,81.0,258.8
42.356964,-71.00623,-50.0,77.0,255.9
42.356904,-71.006619,-50.0,73.0,255.9
42.356827,-71.007026,-50.0,68.5,255.9
42.356758,-71.007432,-50.0,64.5,258.8
42.356682,-71.007784,-50.0,60.5,258.8
42.356621,-71.008166,-50.0,56.5,258.8
42.356552,-71.008602,-50.0,50.5,258.8
42.356472,-71.009039,-50.0,46.5,255.9
42.356392,-71.009554,-50.0,42.5,258.8
42.356357,-71.009796,-50.0,40.5,261.6
42.356333,-71.009988,-50.0,38.5,264.4
42.356333,-71.010196,-50.0,36.5,270.0
42.356346,-71.010413,-50.0,34.5,272.8
42.356368,-71.010611,-50.0,33.5,278.4
42.356415,-71.010865,-50.0,30.5,284.1
42.356472,-71.011099,-50.0,29.5,289.7
42.35652,-71.011266,-50.0,28.5,292.5
42.356609,-71.011458,-50.0,26.5,295.3
42.356689,-71.011661,-50.0,26.5,300.9
42.356792,-71.011848,-50.0,25.5,303.8
42.35688,-71.012016,-50.0,24.5,306.6
42.357033,-71.012239,-50.0,22.5,309.4
42.357193,-71.012488,-50.0,18.5,309.4
42.357311,-71.012703,-50.0,15.5,306.6
42.357388,-71.012878,-50.0,13.8,300.9
42.357422,-71.013034,-50.0,12.2,295.3
42.357462,-71.013214,-50.0,9.8,289.7
42.357614,-71.013773,-50.0,10.2,289.7
42.357765,-71.014332,-50.0,11.8,289.7
42.357904,-71.014874,-50.0,12.8,289.7
42.358051,-71.015422,-50.0,15.5,289.7
42.358149,-71.015896,-50.0,15.5,286.9
42.358242,-71.016391,-50.0,11.2,289.7
42.3583,-71.016503,-50.0,10.8,298.1
42.35837,-71.016567,-50.0,10.8,306.6
42.358451,-71.016599,-50.0,11.2,320.6
42.358521,-71.016624,-50.0,11.2,331.9
42.358601,-71.016624,-50.0,11.2,343.1
42.358669,-71.016593,-50.0,11.2,354.4
42.358719,-71.016567,-50.0,11.2,0.0
42.358784,-71.016546,-50.0,10.8,8.4
42.358905,-71.016471,-50.0,10.8,14.1
42.359161,-71.016374,-50.0,11.2,16.9
42.359522,-71.016184,-50.0,12.2,19.7
42.359929,-71.015992,-50.0,13.8,19.7
42.36034,-71.015797,-50.0,15.5,19.7
42.360721,-71.015593,-50.0,19.5,19.7
42.361107,-71.015422,-50.0,21.5,19.7
42.361519,-71.015219,-50.0,21.5,19.7
42.361919,-71.015032,-50.0,22.5,19.7
42.36232,-71.014829,-50.0,22.5,19.7
42.362688,-71.014651,-50.0,22.5,19.7
42.363072,-71.014475,-50.0,21.5,19.7
42.363476,-71.014283,-50.0,17.5,19.7
42.36359,-71.014252,-50.0,13.8,14.1
42.363659,-71.014252,-50.0,12.2,5.6
42.363723,-71.0143,-50.0,10.2,357.2
42.363773,-71.014345,-50.0,9.8,348.8
42.363805,-71.014395,-50.0,8.2,340.3
42.36384,-71.014427,-50.0,8.2,331.9
42.363863,-71.014507,-50.0,8.2,320.6
42.363898,-71.014587,-50.0,7.8,315.0
42.363956,-71.01472,-50.0,7.8,309.4
42.364025,-71.01486,-50.0,8.2,303.8
42.364185,-71.015204,-50.0,9.8,300.9
42.364414,-71.015719,-50.0,10.2,300.9
42.364597,-71.016124,-50.0,9.2,300.9
42.364758,-71.016343,-50.0,3.8,317.8
42.364945,-71.016376,-50.0,1.6,337.5
42.36498,-71.016391,-50.0,0.8,337.5
42.364979,-71.016388,-50.0,0.8,337.5
42.365273,-71.016265,-50.0,2.8,25.3
42.365662,-71.015843,-50.0,0.0,0.0
42.36576,-71.015992,-50.0,0.0,0.0
42.365667,-71.015896,-50.0,0.0,30.9
42.365662,-71.01589,-50.0,0.0,30.9
42.365644,-71.015944,-50.0,0.0,30.9
42.365632,-71.015928,-50.0,0.0,30.9
42.365632,-71.015944,-50.0,0.0,30.9
42.365639,-71.015937,-50.0,0.0,30.9
42.365639,-71.015937,-50.0,0.0,30.9
42.365539,-71.015785,-50.0,0.0,30.9
42.365673,-71.015922,-50.0,0.0,30.9
42.365667,-71.015912,-50.0,0.0,30.9
42.365639,-71.015937,-50.0,0.0,30.9
42.365673,-71.015922,-50.0,0.0,30.9
42.365632,-71.015928,-50.0,0.0,30.9
42.365631,-71.01593,-50.0,0.0,0.0
42.365644,-71.015912,-50.0,0.0,30.9
42.365679,-71.015912,-50.0,0.0,30.9
42.36565,-71.015922,-50.0,0.0,30.9
42.365725,-71.015817,-50.0,0.0,30.9
42.365725,-71.015817,-50.0,0.0,30.9
42.365679,-71.015817,-50.0,0.0,30.9
42.365586,-71.015833,-50.0,0.0,30.9
42.365644,-71.015944,-50.0,0.0,30.9
42.365702,-71.015865,-50.0,0.0,30.9
42.364957,-71.016328,-50.0,1.9,354.4
42.364783,-71.016232,-50.0,1.9,36.6
42.364748,-71.016232,-50.0,1.9,42.2
42.364689,-71.016249,-50.0,1.9,50.6
42.364666,-71.016264,-50.0,1.9,56.2
42.364609,-71.016312,-50.0,1.4,70.3
42.364573,-71.016376,-50.0,1.9,75.9
42.364586,-71.016374,-50.0,0.3,75.9
42.364608,-71.016344,-50.0,1.6,70.3
42.36462,-71.016312,-50.0,1.9,64.7
42.364643,-71.016249,-50.0,1.4,67.5
42.364631,-71.016184,-50.0,1.6,73.1
42.364608,-71.01612,-50.0,1.9,84.4
42.364563,-71.016031,-50.0,1.9,101.2
42.364552,-71.016,-50.0,1.9,106.9
42.364529,-71.015968,-50.0,1.9,109.7
42.364503,-71.015928,-50.0,1.9,112.5
42.364471,-71.015859,-50.0,1.9,115.3
42.364445,-71.015801,-50.0,1.9,118.1
42.364403,-71.015703,-50.0,0.0,118.1
42.364403,-71.015703,-50.0,0.0,118.1
42.364399,-71.015705,-50.0,0.0,118.1
42.364399,-71.015705,-50.0,0.0,118.1
42.364368,-71.015609,-50.0,2.8,118.1
42.364317,-71.015497,-50.0,4.2,120.9
42.364189,-71.01521,-50.0,6.2,120.9
42.364049,-71.01489,-50.0,8.8,120.9
42.363933,-71.014587,-50.0,9.8,118.1
42.363793,-71.014172,-50.0,10.8,115.3
42.36359,-71.013643,-50.0,11.8,115.3
42.363453,-71.013284,-50.0,11.8,118.1
42.363246,-71.012831,-50.0,12.2,120.9
42.363025,-71.012383,-50.0,13.8,123.8
42.362812,-71.011911,-50.0,13.8,120.9
42.362629,-71.011474,-50.0,14.2,118.1
42.362502,-71.011074,-50.0,15.5,115.3
42.362331,-71.0106,-50.0,12.8,115.3
42.362171,-71.010085,-50.0,11.8,115.3
42.362,-71.009601,-50.0,11.8,115.3
42.361851,-71.009133,-50.0,12.2,112.5
42.361702,-71.008665,-50.0,12.8,115.3
42.361565,-71.00829,-50.0,13.8,115.3
42.361408,-71.0078,-50.0,15.5,112.5
42.361256,-71.007273,-50.0,15.5,112.5
42.361128,-71.006826,-50.0,14.2,109.7
42.360989,-71.006251,-50.0,14.2,109.7
42.360844,-71.0057,-50.0,15.5,109.7
42.360721,-71.005182,-50.0,15.5,109.7
42.360593,-71.004687,-50.0,15.5,106.9
42.360466,-71.004171,-50.0,15.5,109.7
42.360317,-71.003609,-50.0,16.5,109.7
42.36018,-71.003063,-50.0,17.5,109.7
42.360031,-71.002501,-50.0,18.5,109.7
42.359905,-71.00197,-50.0,18.5,106.9
42.359778,-71.001445,-50.0,18.5,109.7
42.359697,-71.001174,-50.0,18.5,112.5
42.359604,-71.00095,-50.0,18.5,118.1
42.359511,-71.000742,-50.0,18.5,120.9
42.359394,-71.000551,-50.0,18.5,126.6
42.359276,-71.000378,-50.0,18.5,132.2
42.35899,-70.999988,-50.0,18.5,135.0
42.358684,-70.999577,-50.0,19.5,135.0
42.358372,-70.999177,-50.0,19.5,135.0
42.358063,-70.998755,-50.0,18.5,135.0
42.357765,-70.99835,-50.0,19.5,135.0
42.357456,-70.997928,-50.0,19.5,135.0
42.357136,-70.997501,-50.0,17.5,135.0
42.356827,-70.997101,-50.0,16.5,135.0
42.356506,-70.99668,-50.0,15.5,135.0
42.356217,-70.996271,-50.0,15.5,135.0
42.355903,-70.995872,-50.0,15.5,135.0
42.355612,-70.995473,-50.0,16.5,135.0
42.355293,-70.995057,-50.0,16.5,135.0
42.355053,-70.994706,-50.0,14.8,132.2
42.354984,-70.994557,-50.0,13.8,126.6
42.35495,-70.994433,-50.0,13.2,118.1
42.354916,-70.994277,-50.0,13.2,109.7
42.354904,-70.994105,-50.0,13.2,101.2
42.354913,-70.99394,-50.0,12.8,92.8
42.354937,-70.993764,-50.0,12.2,84.4
42.354973,-70.993543,-50.0,12.2,81.6
42.355053,-70.993013,-50.0,11.8,78.8
42.35511,-70.992669,-50.0,7.2,75.9
42.355146,-70.992566,-50.0,5.2,70.3
42.355179,-70.992529,-50.0,4.8,61.9
42.355225,-70.992498,-50.0,4.8,53.4
42.35527,-70.992482,-50.0,5.2,45.0
42.355316,-70.992482,-50.0,5.8,36.6
42.355356,-70.992487,-50.0,5.8,25.3
42.355396,-70.992513,-50.0,5.8,14.1
42.355431,-70.992544,-50.0,6.2,2.8
42.35546,-70.992582,-50.0,6.2,351.6
42.355484,-70.992646,-50.0,5.8,340.3
42.355511,-70.992685,-50.0,5.8,331.9
42.355534,-70.992747,-50.0,5.2,323.4
42.355554,-70.992806,-50.0,5.2,317.8
42.355693,-70.992998,-50.0,6.8,315.0
42.355914,-70.993269,-50.0,11.8,315.0
42.356066,-70.993477,-50.0,15.5,315.0
42.356135,-70.993573,-50.0,17.5,315.0
42.356217,-70.993684,-50.0,20.5,315.0
42.356323,-70.993824,-50.0,24.5,315.0
42.35638,-70.993908,-50.0,29.5,315.0
42.356518,-70.994089,-50.0,34.5,315.0
42.356648,-70.994259,-50.0,39.5,315.0
42.356804,-70.994464,-50.0,44.5,315.0
42.356973,-70.99469,-50.0,49.5,315.0
42.357148,-70.994914,-50.0,54.5,315.0
42.357346,-70.995185,-50.0,59.5,315.0
42.35752,-70.995425,-50.0,59.5,315.0
42.357672,-70.995632,-50.0,64.5,315.0
42.357811,-70.995808,-50.0,69.5,315.0
42.358056,-70.996143,-50.0,75.0,315.0
42.358372,-70.996555,-50.0,79.0,315.0
42.358673,-70.996958,-50.0,85.0,315.0
42.358932,-70.997335,-125,85.0,0.0
42.359278,-70.99774,-125,93.3,315.0
42.360123,-70.998896,-125,97.6,315.0
42.360302,-70.999146,-125,103.2,315.0
42.360674,-70.999656,-125,111.7,315.0
42.361512,-71.000742,-125,116.0,315.0
42.361908,-71.001268,-125,120.2,315.0
42.362304,-71.001828,-125,124.5,315.0
42.362769,-71.002467,-125,128.7,315.0
42.363235,-71.003042,-125,132.9,315.0
42.363647,-71.00364,-125,135.8,315.0
42.364197,-71.004327,-150,140.0,315.0
42.364975,-71.005388,-150,147.8,315.3
42.365469,-71.006044,-175,151.3,315.0
42.366211,-71.007073,-150,154.2,315.0
42.36676,-71.007822,-150,157.0,315.0
42.367218,-71.008446,-125,161.9,314.8
42.367983,-71.009493,-75,163.3,315.2
42.368866,-71.010631,-25,164.1,315.0
42.369426,-71.011345,25,164.8,315.2
42.37056,-71.012941,125,164.1,315.5
42.37175,-71.014439,225,161.9,315.8
42.372824,-71.015817,325,161.9,315.8
42.373849,-71.017222,425,160.5,315.8
42.374733,-71.018435,525,159.1,315.2
42.375571,-71.019585,600,159.8,315.0
42.376409,-71.020671,700,159.1,314.8
42.37748,-71.022204,800,159.8,314.5
42.378571,-71.023677,900,159.8,314.0
42.3799,-71.025525,1000,160.5,314.2
42.3815,-71.027735,1100,164.1,314.0
42.383286,-71.030232,1200,166.2,314.3
42.385068,-71.032679,1300,167.6,314.3
42.387163,-71.035937,1400,168.6,311.6
42.38855,-71.038472,1475,170.6,307.1
42.389969,-71.041593,1525,173.7,301.6
42.391571,-71.045463,1625,175.5,299.3
42.39354,-71.050436,1725,178.9,298.0
42.395402,-71.055419,1825,183.4,296.6
42.397357,-71.060912,1925,186.9,296.0
42.399126,-71.065702,1975,191.9,296.3
42.400864,-71.070369,2050,196.8,296.6
42.402664,-71.075156,2125,200.8,297.0
42.404573,-71.080329,2200,205.3,296.9
42.40569,-71.084098,2275,208.9,292.5
42.406482,-71.088122,2325,211.9,287.6
42.407043,-71.092217,2400,215.7,282.0
42.407366,-71.096106,2450,219.3,276.3
42.407273,-71.100514,2500,223.0,270.5
42.406994,-71.104218,2525,227.9,265.0
42.406435,-71.107859,2550,231.7,261.3
42.405716,-71.111381,2575,234.8,257.2
42.405075,-71.113566,2600,239.1,252.5
42.403931,-71.116936,2625,243.6,248.1
42.403107,-71.118996,2650,247.8,243.6
42.401871,-71.121743,2675,251.8,240.0
42.400476,-71.124466,2700,255.5,237.3
42.398335,-71.12849,2750,260.3,234.5
42.396194,-71.132323,2800,265.0,233.1
42.39386,-71.13635,2875,268.8,232.4
42.391434,-71.140532,2975,271.5,232.0
42.388792,-71.145034,3075,274.1,231.7
42.386418,-71.149122,3175,276.3,231.8
42.384276,-71.152826,3275,277.9,232.0
42.382554,-71.155828,3375,278.0,232.3
42.38063,-71.159259,3475,279.0,232.7
42.378616,-71.162879,3575,279.2,233.0
42.376968,-71.165857,3675,279.2,233.0
42.375711,-71.168092,3750,279.4,233.3
42.374542,-71.170245,3850,278.8,233.5
42.372894,-71.173179,3950,278.6,233.2
42.371613,-71.175364,4050,277.6,232.8
42.37045,-71.17729,4150,276.0,231.2
42.369095,-71.179234,4250,275.6,228.7
42.367285,-71.181761,4350,275.8,225.9
42.365433,-71.183978,4450,276.0,222.6
42.36351,-71.186038,4550,276.4,219.3
42.361084,-71.188348,4650,278.1,215.6
42.358347,-71.190512,4750,279.1,212.3
42.355786,-71.192237,4850,281.3,206.8
42.353366,-71.193642,4950,282.2,203.4
42.349686,-71.195276,5050,284.3,198.2
42.346756,-71.196275,5150,285.2,194.6
42.343506,-71.197087,5250,286.1,190.9
42.33989,-71.197461,5350,288.4,185.6
42.335955,-71.19741,5450,290.0,180.2
42.332153,-71.196837,5550,291.3,174.7
42.328171,-71.195838,5650,292.0,169.3
42.324646,-71.194403,5750,293.0,165.8
42.320847,-71.19253,5850,294.1,160.9
42.317614,-71.190768,5950,294.3,158.1
42.313797,-71.188535,6050,295.3,157.1
42.310501,-71.186662,6150,297.0,156.8
42.307434,-71.184914,6250,297.2,157.2
42.303787,-71.182911,6350,298.2,157.7
42.300522,-71.181169,6450,298.8,158.0
42.297775,-71.179733,6550,299.3,158.2
42.294617,-71.178057,6650,299.5,158.7
42.291917,-71.176651,6750,299.5,158.7
42.288518,-71.174863,6850,300.1,158.9
42.285539,-71.17333,6950,300.1,158.9
42.279394,-71.1702,7150,301.6,159.2
42.272877,-71.166879,7350,302.6,159.3
42.267151,-71.164003,7550,302.2,159.5
42.261239,-71.160874,7750,303.4,158.3
42.25542,-71.15717,7925,303.7,154.0
42.250671,-71.153266,8050,304.1,149.1
42.246016,-71.148738,8175,304.8,145.4
42.241221,-71.143373,8300,306.4,141.0
42.234425,-71.135708,8500,310.1,139.8
42.227097,-71.127299,8700,313.6,139.7
42.220047,-71.119059,8900,315.4,139.0
42.213821,-71.111818,9100,317.5,138.8
42.207797,-71.104665,9300,318.9,138.8
42.201828,-71.097648,9500,320.3,138.8
42.195647,-71.090358,9700,321.6,138.5
42.189789,-71.083291,9900,322.2,138.1
42.185669,-71.078359,10025,322.9,138.0
42.182845,-71.0749,10100,324.3,138.0
42.17386,-71.064105,10275,330.7,138.1
42.163696,-71.051892,10425,339.3,138.5
42.153098,-71.039642,10575,348.6,140.2
42.145706,-71.032167,10675,353.4,142.9
42.134308,-71.021368,10825,362.0,145.1
42.122543,-71.010506,10975,368.9,145.5
42.110596,-70.999529,11125,375.6,145.6
42.096634,-70.986786,11275,384.4,145.8
42.083456,-70.974746,11425,392.2,145.7
42.069164,-70.961651,11575,398.6,145.6
42.056305,-70.949894,11750,405.0,145.6
42.04519,-70.939679,11925,407.7,145.5
42.027649,-70.92349,12300,410.5,145.4
42.010508,-70.907614,12700,411.9,145.4
41.992493,-70.890968,13075,414.1,145.4
41.972894,-70.872803,13425,418.3,145.3
41.954041,-70.855365,13800,420.5,145.4
41.935272,-70.838034,14150,422.7,145.4
41.916367,-70.820555,14500,426.3,145.4
41.896688,-70.802733,14775,430.7,146.5
41.888214,-70.796335,14900,434.5,150.2
41.880707,-70.791591,15000,437.0,154.7
41.872375,-70.787159,15125,439.4,158.2
41.864055,-70.783635,15225,441.8,161.9
41.855862,-70.780952,15350,444.1,166.6
41.84642,-70.778795,15475,446.3,170.3
41.838684,-70.777694,15550,447.4,174.1
41.829849,-70.777359,15675,448.3,177.9
41.821518,-70.777671,15775,449.2,181.7
41.812475,-70.778844,15900,450.6,186.1
41.802658,-70.781042,15975,451.4,189.7
41.794098,-70.783851,16050,451.4,193.4
41.786452,-70.787084,16150,451.6,197.4
41.778818,-70.791044,16225,451.5,201.2
41.771713,-70.795399,16325,451.0,204.9
41.763782,-70.8012,16450,449.7,208.6
41.747535,-70.814039,16725,448.0,210.7
41.726074,-70.830855,17050,450.8,210.1
41.701681,-70.849361,17375,455.8,209.4
41.67865,-70.866436,17725,457.5,209.0
41.655361,-70.883597,18075,459.2,208.9
41.633972,-70.89927,18325,461.5,208.9
41.606016,-70.919878,18625,466.4,209.0
41.582474,-70.937347,18975,467.8,209.0
41.56896,-70.947919,19175,466.5,211.7
41.559929,-70.956222,19300,463.9,215.4
41.552536,-70.964127,19400,462.4,218.7
41.545684,-70.972382,19500,459.3,222.8
41.538795,-70.9819,19600,456.9,226.2
41.532277,-70.992119,19725,453.8,230.3
41.525986,-71.00364,19825,450.5,234.1
41.519028,-71.017747,19950,448.5,237.2
41.502205,-71.052672,20225,452.7,237.1
41.486423,-71.084737,20525,455.4,236.6
41.470735,-71.116099,20825,457.9,236.3
41.455948,-71.145463,21150,457.6,236.1
41.438335,-71.180292,21425,460.4,236.1
41.418503,-71.219496,21700,465.4,236.0
41.40239,-71.251332,22025,465.4,236.0
41.386917,-71.281981,22350,466.2,236.1
41.369339,-71.316711,22625,467.1,236.2
41.351395,-71.352356,22925,469.3,236.2
41.331684,-71.391407,23175,472.9,236.2
41.311666,-71.431108,23425,476.5,236.2
41.290113,-71.473805,23675,480.7,236.1
41.265198,-71.522888,23875,486.5,236.1
41.242722,-71.567139,24100,490.6,236.1
41.223221,-71.605347,24375,492.6,235.9
41.204317,-71.642158,24650,493.1,235.8
41.183648,-71.682483,24900,494.5,235.8
41.163118,-71.722683,25150,496.2,235.9
41.144311,-71.759387,25425,496.2,235.9
41.125923,-71.795405,25625,497.8,236.1
41.103607,-71.839417,25875,499.5,236.2
41.083327,-71.879425,26150,500.1,236.1
41.059958,-71.925555,26375,502.3,236.5
41.04427,-71.956517,26525,504.6,235.3
41.035518,-71.971873,26600,508.9,232.2
41.02446,-71.989197,26700,512.1,229.4
41.006051,-72.01613,26900,514.7,227.8
40.978546,-72.05603,27150,515.4,227.8
40.954517,-72.091224,27400,515.5,228.0
40.932591,-72.123371,27700,513.4,228.1
40.910431,-72.156006,28000,511.3,228.2
40.884705,-72.193787,28250,510.6,228.1
40.858899,-72.231737,28500,510.6,228.1
40.834832,-72.26713,28775,509.9,228.2
40.814628,-72.296843,29100,506.3,228.1
40.803688,-72.312823,29300,504.2,228.1
40.787162,-72.337043,29700,498.5,228.1
40.781891,-72.344788,29800,497.1,228.1
40.775803,-72.35371,29875,495.7,228.1
40.761279,-72.375058,29975,496.4,228.2
40.730942,-72.419678,30150,499.3,228.2
40.700867,-72.463928,30300,501.4,228.1
40.673342,-72.50421,30550,502.1,228.1
40.648956,-72.539856,30825,500.6,228.0
40.637375,-72.556763,30975,499.2,228.0
40.618969,-72.583486,31350,493.5,227.9
40.607238,-72.600465,31575,490.7,227.9
40.584474,-72.633487,31875,487.8,227.9
40.561896,-72.666321,32150,485.7,228.0
40.537445,-72.701782,32400,484.3,227.9
40.510208,-72.741211,32650,484.3,227.9
40.480774,-72.783875,32825,485.0,227.9
40.453476,-72.823375,33050,484.3,227.9
40.424008,-72.86601,33225,484.3,227.9
40.395218,-72.907593,33450,484.3,227.9
40.366104,-72.949646,33625,484.3,227.9
40.336118,-72.992914,33850,483.5,227.8
40.320336,-73.015574,33950,483.5,227.8
40.290802,-73.058044,34000,482.8,227.7
40.261368,-73.100159,34000,481.4,227.7
40.231934,-73.142273,34000,482.0,227.6
40.202466,-73.184488,34000,481.4,227.7
40.172393,-73.227435,34000,482.7,227.5
40.142303,-73.270264,34000,482.7,227.5
40.112778,-73.312134,34000,481.2,227.4
40.083435,-73.353638,34000,479.8,227.4
40.053772,-73.39563,34000,477.0,227.4
40.024109,-73.437683,33975,476.3,227.5
39.995029,-73.478872,33975,474.9,227.5
39.965329,-73.521007,33950,474.9,227.5
39.935815,-73.562768,33950,474.9,227.5
39.906647,-73.60398,33950,474.9,227.3
39.877438,-73.645081,33950,474.1,227.2
39.84825,-73.686096,33950,474.1,227.2
39.819015,-73.727051,33950,475.5,227.2
39.789129,-73.768921,33950,475.5,227.2
39.759293,-73.81075,33975,476.3,227.3
39.729904,-73.851829,33975,477.6,227.1
39.700607,-73.892729,34000,477.6,227.1
39.670807,-73.934227,34000,478.3,226.9
39.660828,-73.946945,34000,481.7,223.7
39.651381,-73.957397,34000,484.5,220.4
39.642024,-73.966553,34000,487.8,216.9
39.632675,-73.974589,34025,491.5,213.5
39.623542,-73.981506,34025,493.8,210.1
39.605667,-73.993875,34025,494.8,208.0
39.565613,-74.021819,34025,494.1,208.8
39.526062,-74.05012,34025,494.2,209.1
39.486191,-74.0789,34025,493.8,209.2
39.446597,-74.107483,34025,494.3,209.3
39.407493,-74.135803,34025,495.2,209.3
39.367691,-74.16449,34000,496.0,209.2
39.328262,-74.192749,34025,495.6,209.1
39.288528,-74.221244,34025,495.6,209.1
39.249527,-74.249128,34025,494.2,209.1
39.209879,-74.277405,34025,493.3,209.1
39.170589,-74.30542,34025,492.8,209.0
39.131299,-74.333374,34025,492.8,209.0
39.091736,-74.36144,34000,492.3,208.9
39.051865,-74.389622,34000,491.9,208.8
39.012498,-74.417419,33975,492.3,208.9
38.972809,-74.445628,33975,491.5,209.0
38.933266,-74.473633,34000,491.9,208.8
38.894255,-74.501038,34000,490.5,208.8
38.854843,-74.528683,34025,489.6,208.8
38.815489,-74.556396,34025,488.8,208.9
38.776199,-74.584152,34025,487.9,208.9
38.736923,-74.611856,34000,487.9,208.9
38.697572,-74.639587,34000,486.5,208.9
38.659058,-74.666728,34000,487.0,209.0
38.620193,-74.694015,34000,486.9,208.7
38.581052,-74.721252,33975,485.6,208.7
38.541641,-74.748648,33975,486.4,208.6
38.502285,-74.776062,33975,486.4,208.6
38.463043,-74.803341,33950,486.9,208.7
38.42363,-74.830807,33975,487.8,208.7
38.38472,-74.857801,33975,489.1,208.7
38.345581,-74.884975,33975,490.0,208.7
38.305835,-74.912547,34000,490.9,208.6
38.266219,-74.939834,34000,492.7,208.5
38.249181,-74.951537,30400,493.1,208.6
38.248203,-74.952313,34000,493.1,208.6
38.208481,-74.979761,34000,491.8,208.6
38.168793,-75.007052,34050,490.4,208.5
38.129562,-75.034108,34050,489.5,208.6
38.090298,-75.061101,34050,489.9,208.4
38.050682,-75.088209,34025,489.1,208.4
38.011459,-75.115103,34025,488.2,208.5
37.971954,-75.142218,34000,488.2,208.5
37.933319,-75.168749,34000,487.7,208.4
37.894546,-75.195266,34000,486.8,208.5
37.855582,-75.221956,33975,486.8,208.5
37.816198,-75.248884,33975,486.0,208.5
37.776862,-75.275753,34000,485.5,208.4
37.737442,-75.302572,34000,485.0,208.3
37.698188,-75.329132,33975,485.4,208.1
37.658707,-75.355867,33975,485.5,208.4
37.620074,-75.382034,33975,485.0,208.3
37.581024,-75.40852,34000,485.9,208.2
37.541702,-75.435051,34000,485.0,208.3
37.502529,-75.461505,34025,483.7,208.3
37.463333,-75.48782,34025,484.1,208.1
37.424881,-75.51365,34000,483.2,208.2
37.386063,-75.539713,34000,482.3,208.2
37.346924,-75.566069,34000,482.8,208.3
37.3085,-75.592028,33975,482.8,208.3
37.26921,-75.618538,33975,482.3,208.2
37.230013,-75.64475,33975,482.8,208.3
37.190964,-75.671082,33975,482.8,208.3
37.15155,-75.697437,33975,483.2,208.2
37.112142,-75.723744,33975,484.1,208.1
37.073038,-75.749837,34000,484.1,208.1
37.033841,-75.775929,34000,484.9,208.0
36.994225,-75.802261,34000,485.8,208.0
36.955122,-75.828174,34025,485.8,208.0
36.915459,-75.854446,34025,484.9,208.0
36.876262,-75.880479,34025,484.1,208.1
36.837158,-75.906469,34025,484.1,208.1
36.798473,-75.932065,34050,482.7,208.1
36.759276,-75.958012,34050,482.2,207.9
36.720795,-75.983448,34025,481.4,208.0
36.681906,-76.009028,34000,481.4,208.0
36.643315,-76.034449,33975,481.8,207.8
36.603973,-76.060238,33950,482.2,207.9
36.565014,-76.085874,33950,483.1,207.9
36.525724,-76.111703,33950,483.1,207.9
36.486341,-76.137533,33975,484.0,207.8
36.447376,-76.16307,34000,484.0,207.8
36.408646,-76.188354,34000,484.0,207.8
36.369415,-76.213932,34025,484.0,207.8
36.340805,-76.232357,34025,486.1,206.8
36.328575,-76.239215,34025,491.2,203.6
36.317413,-76.244431,34025,494.3,200.5
36.305764,-76.248974,34025,497.2,197.2
36.294638,-76.252422,34025,499.7,193.4
36.272141,-76.258163,34025,498.9,191.4
36.227417,-76.269665,34025,498.2,192.2
36.182419,-76.281967,34025,497.9,192.5
36.13785,-76.294263,34025,496.9,192.6
36.093626,-76.30636,34000,496.9,192.6
36.049484,-76.318359,34000,497.6,192.4
36.004897,-76.330437,34000,496.7,192.4
35.961182,-76.342278,34000,497.6,192.4
35.916595,-76.354294,33975,498.4,192.3
35.871506,-76.366367,33975,498.4,192.3
35.826788,-76.378356,34000,498.6,192.4
35.782657,-76.390277,34000,497.6,192.4
35.737874,-76.402315,34025,497.4,192.3
35.693509,-76.414237,34025,497.6,192.4
35.648895,-76.426277,34025,497.6,192.4
35.605042,-76.438007,34000,497.4,192.3
35.560417,-76.450001,34000,496.4,192.3
35.516192,-76.461805,34025,496.4,192.3
35.47206,-76.473668,34025,495.5,192.4
35.427567,-76.485615,34000,495.5,192.4
35.38403,-76.497218,34000,494.5,192.4
35.339905,-76.509075,34000,494.5,192.4
35.296417,-76.520691,34000,493.3,192.3
35.252289,-76.532364,34000,492.3,192.3
35.208621,-76.544037,34000,491.4,192.3
35.164536,-76.555761,34000,490.4,192.4
35.120498,-76.567497,34000,490.4,192.4
35.076691,-76.579191,34000,491.4,192.3
35.033259,-76.590672,33975,491.1,192.2
34.989081,-76.602345,33975,491.1,192.2
34.945555,-76.613846,33975,491.4,192.3
34.901609,-76.625519,33975,491.4,192.3
34.857617,-76.637135,33975,491.1,192.2
34.813439,-76.648808,33975,491.1,192.2
34.769577,-76.660299,34000,490.9,192.1
34.725128,-76.671902,34000,490.9,192.1
34.680998,-76.683426,34000,491.1,192.2
34.637329,-76.69494,34000,491.4,192.3
34.594437,-76.706375,34000,492.3,192.3
34.550125,-76.717922,34000,493.1,192.2
34.506055,-76.729431,34000,493.1,192.2
34.461411,-76.741047,34000,493.1,192.2
34.417053,-76.752562,34000,494.1,192.1
34.373016,-76.764053,34000,494.3,192.3
34.329017,-76.775494,34000,495.0,192.1
34.284531,-76.787035,34000,496.0,192.1
34.240723,-76.798357,34000,496.0,192.1
34.196343,-76.809826,34000,496.0,192.1
34.151373,-76.821442,34025,497.0,192.1
34.106689,-76.832998,34025,497.0,192.1
34.062561,-76.844377,34025,498.2,192.2
34.0177,-76.855923,34025,498.2,192.2
33.973297,-76.867358,34025,498.2,192.2
33.928574,-76.878948,34025,498.2,192.2
33.884629,-76.890221,34000,498.0,192.1
33.839951,-76.901718,34025,497.0,192.1
33.795639,-76.913097,34025,497.0,192.1
33.751373,-76.924476,34000,497.0,192.1
33.706753,-76.93594,34000,496.0,192.1
33.663071,-76.947121,34000,496.0,192.1
33.618723,-76.958427,34000,494.8,192.0
33.573893,-76.969872,34000,494.8,192.0
33.529449,-76.981201,34000,495.0,192.1
33.485444,-76.992468,34000,494.1,192.1
33.44094,-77.003846,34000,494.1,192.1
33.396855,-77.015057,34000,493.9,192.0
33.352478,-77.026355,34000,493.9,192.0
33.309011,-77.037366,34000,493.7,191.9
33.265503,-77.048273,34000,493.7,191.9
33.221741,-77.059259,34000,492.7,191.9
33.176697,-77.070685,34000,491.9,192.1
33.132485,-77.081872,34000,491.9,192.1
33.087845,-77.093152,34000,491.7,192.0
33.043942,-77.104293,34000,490.7,192.0
32.999634,-77.115509,34000,489.7,192.0
32.955633,-77.126714,34000,489.0,192.2
32.912292,-77.1377,34000,488.8,192.1
32.868393,-77.148743,34000,487.8,192.1
32.824631,-77.159729,34000,487.6,192.0
32.780782,-77.170659,34000,487.6,192.0
32.736786,-77.181702,34000,486.6,192.0
32.694031,-77.192413,34000,486.6,192.0
32.651041,-77.203226,34000,485.4,191.9
32.607651,-77.214056,34000,484.4,191.9
32.564163,-77.224933,34000,484.6,192.0
32.520309,-77.235864,34000,483.5,191.9
32.476685,-77.246741,34000,483.5,191.9
32.433289,-77.257507,34000,483.5,191.9
32.389651,-77.268359,34000,482.5,192.0
32.346543,-77.279065,34000,482.5,192.0
32.302505,-77.290027,34000,482.5,192.0
32.259109,-77.300793,34000,481.3,191.9
32.215824,-77.31152,34000,480.3,191.9
32.172531,-77.32217,34025,480.1,191.8
32.128922,-77.332874,34000,479.1,191.8
32.08627,-77.343302,34000,478.9,191.7
32.043302,-77.353839,34000,478.2,191.8
32.000748,-77.364294,34000,477.2,191.9
31.95867,-77.374635,34000,477.2,191.9
31.916726,-77.384893,34000,477.0,191.7
31.873901,-77.395386,34000,476.0,191.8
31.831009,-77.406042,34000,475.4,192.0
31.787979,-77.416644,34000,475.2,191.9
31.746414,-77.426794,33975,475.0,191.8
31.704437,-77.43708,33975,475.0,191.8
31.661946,-77.447461,33975,474.0,191.8
31.619293,-77.457922,33975,474.0,191.8
31.578338,-77.46795,34000,474.0,191.8
31.535248,-77.478333,34000,473.8,191.7
31.492905,-77.488619,34000,474.0,191.8
31.450104,-77.499067,34000,474.0,191.8
31.408329,-77.509259,34000,474.2,191.9
31.366745,-77.519424,34000,474.2,191.9
31.32692,-77.529117,33975,474.8,191.7
31.286636,-77.538865,34000,475.0,191.8
31.243286,-77.549367,34000,476.0,191.8
31.200427,-77.559631,34000,475.8,191.6
31.158234,-77.569831,34000,476.0,191.8
31.116866,-77.579791,34000,476.0,191.8
31.074417,-77.590081,34000,476.0,191.8
31.036517,-77.599347,34025,476.2,191.9
30.995271,-77.609399,34025,477.2,191.9
30.951605,-77.619946,34025,477.0,191.7
30.911151,-77.629614,34025,475.8,191.6
30.869301,-77.639667,34050,475.0,191.8
30.826309,-77.650075,34025,475.0,191.8
30.784149,-77.660092,34025,473.6,191.6
30.744308,-77.669714,34025,473.1,191.8
30.703125,-77.679641,34025,471.9,191.7
30.660793,-77.689819,34025,469.7,191.7
30.619036,-77.699817,34000,469.7,191.7
30.576534,-77.710034,33975,468.7,191.7
30.535289,-77.719812,33975,468.5,191.6
30.494369,-77.729425,34000,466.6,191.6
30.459874,-77.73728,34000,466.0,190.6
30.442138,-77.740521,34000,467.0,188.4
30.421748,-77.743433,34000,467.9,186.4
30.40038,-77.745575,34000,468.4,184.4
30.381638,-77.74669,34000,469.4,182.4
30.365067,-77.746905,33975,471.0,180.1
30.353409,-77.746289,33975,472.8,176.7
30.341354,-77.744805,33975,473.9,173.7
30.330412,-77.742773,33975,475.4,170.6
30.319659,-77.739972,33975,476.9,167.2
30.309045,-77.736456,33975,477.6,164.0
30.298737,-77.732311,33975,479.2,160.6
30.278046,-77.723155,33975,478.4,158.8
30.237442,-77.705545,33975,477.4,159.8
30.195737,-77.688226,33975,477.0,160.3
30.154907,-77.67124,34000,477.1,159.9
30.114532,-77.65406,34000,476.8,159.6
30.074049,-77.63681,34000,476.5,159.7
30.033921,-77.619781,34000,475.5,159.7
29.994553,-77.603114,34000,475.2,159.8
29.953903,-77.585826,34000,474.6,159.7
29.914719,-77.569131,34025,474.6,159.7
29.87448,-77.552006,34025,473.7,159.6
29.833832,-77.534796,34025,473.3,159.7
29.793777,-77.517841,34000,472.4,159.7
29.753311,-77.500728,34000,473.3,159.7
29.712387,-77.483456,33975,472.4,159.7
29.6754,-77.467822,33975,473.3,159.7
29.63736,-77.451765,33975,473.3,159.7
29.600098,-77.43613,33975,473.9,159.9
29.560624,-77.419577,33975,473.9,159.9
29.521271,-77.403066,33975,475.2,159.8
29.481125,-77.386164,33975,476.5,159.7
29.440521,-77.36905,34000,477.4,159.8
29.400009,-77.35199,34000,477.8,159.7
29.359146,-77.334756,34025,478.4,159.8
29.31832,-77.317631,34025,479.6,159.8
29.279892,-77.301548,34025,479.3,159.9
29.239243,-77.28454,34050,479.3,159.9
29.203057,-77.269377,34025,479.3,159.9
29.184296,-77.261514,34025,479.3,159.9
29.153503,-77.248676,34025,479.3,159.9
29.117913,-77.233887,34025,479.9,160.0
29.088259,-77.221608,34025,479.3,159.9
29.047485,-77.204625,34025,479.3,159.9
29.007843,-77.188093,34000,479.3,159.9
28.974701,-77.174307,34000,479.3,159.9
28.936523,-77.158461,34025,479.3,159.9
28.897751,-77.142299,34000,479.0,160.0
28.860901,-77.127034,34000,479.0,160.0
28.819839,-77.109974,34000,479.0,160.0
28.780968,-77.093865,34000,479.3,159.9
28.742376,-77.077816,33975,479.3,159.9
28.707136,-77.063222,34000,479.0,160.0
28.667706,-77.047011,34000,478.6,160.1
28.62616,-77.0299,34025,478.6,160.1
28.584843,-77.012868,34000,478.0,159.9
28.557377,-77.001558,34000,478.0,159.9
28.516877,-76.984756,34000,477.1,159.9
28.475166,-76.967522,34000,477.1,159.9
28.433533,-76.950408,34000,476.7,160.0
28.392536,-76.933594,33975,476.4,160.1
28.351616,-76.916899,33975,476.7,160.0
28.311859,-76.900547,33975,476.7,160.0
28.27029,-76.883401,34000,476.7,160.0
28.230515,-76.867112,34000,476.7,160.0
28.189041,-76.849999,34000,476.1,159.9
28.147717,-76.832993,34000,475.8,160.0
28.115969,-76.819907,34000,475.8,160.0
28.074677,-76.802996,34000,476.7,160.0
28.033951,-76.786352,34000,476.4,160.1
27.993816,-76.76993,34000,476.4,160.1
27.952789,-76.753235,34000,476.4,160.1
27.911453,-76.736393,34000,476.4,160.1
27.870346,-76.719706,34000,476.1,160.2
27.834421,-76.7048,34000,476.4,159.1
27.823295,-76.699307,34000,476.9,156.4
27.812805,-76.693276,34000,477.2,152.9
27.803925,-76.687265,34000,477.5,149.4
27.797784,-76.682616,34000,476.7,147.9
27.790604,-76.676693,34000,476.9,145.1
27.779114,-76.666277,34025,476.4,142.5
27.745413,-76.636083,34000,475.9,142.0
27.722214,-76.616165,34000,475.2,142.7
27.687502,-76.58675,34025,475.6,143.0
27.669021,-76.571063,34000,475.4,142.9
27.640503,-76.546775,34025,475.4,142.9
27.609192,-76.519983,34000,475.2,142.7
27.588364,-76.502156,34000,474.4,142.6
27.556504,-76.474774,34000,475.0,142.5
27.521713,-76.44484,34000,473.6,142.6
27.487427,-76.415405,34000,473.6,142.6
27.456137,-76.388626,34000,472.2,142.6
27.422247,-76.359629,34025,471.6,142.7
27.387314,-76.329795,34025,470.8,142.6
27.352707,-76.300204,34000,469.4,142.6
27.322858,-76.274696,34125,468.8,142.7
27.289248,-76.246015,34275,471.0,142.8
27.255295,-76.217133,34475,471.0,142.8
27.24372,-76.207246,34525,471.0,142.8
27.190292,-76.161891,34875,471.0,142.8
27.15555,-76.132455,35000,472.4,142.7
27.126434,-76.107788,35000,470.4,142.9
27.099701,-76.084986,35000,471.6,142.7
27.06601,-76.056329,35000,471.0,142.8
27.043304,-76.036999,35000,470.2,142.7
27.009422,-76.008172,35000,469.6,142.8
26.976603,-75.980442,35000,471.2,142.9
26.962823,-75.968822,35000,471.2,142.9
26.845512,-75.869681,35050,473.2,142.8
26.81076,-75.840333,35050,474.0,142.9
26.77559,-75.810787,35025,474.2,143.1
26.741933,-75.782529,35025,473.4,143.0
26.708588,-75.754515,35025,472.6,142.9
26.685279,-75.734834,35025,473.2,142.8
26.650691,-75.705784,35000,472.0,143.0
26.616242,-75.676839,35000,473.4,143.0
26.589706,-75.654654,35000,472.8,143.1
26.555466,-75.625892,35000,472.6,142.9
26.520205,-75.596343,35000,472.8,143.1
26.496556,-75.576589,35000,472.8,143.1
26.474211,-75.557838,35000,472.0,143.0
26.419792,-75.512097,35000,472.0,143.0
26.385436,-75.483258,35000,471.2,142.9
26.353271,-75.456382,34975,471.4,143.1
26.333221,-75.439591,34975,470.6,143.0
26.298942,-75.411001,34975,471.4,143.1
26.264099,-75.381965,35000,471.4,143.1
26.229439,-75.353059,34975,471.4,143.1
26.194839,-75.324287,34950,472.8,143.1
26.160324,-75.295577,34950,472.8,143.1
26.125259,-75.266453,34950,472.8,143.1
26.090744,-75.237743,34975,474.2,143.1
26.057007,-75.209656,34975,474.2,143.1
26.02177,-75.180288,35000,475.0,143.1
25.986877,-75.151407,35000,475.8,143.2
25.952314,-75.122822,35000,476.6,143.3
25.917539,-75.094141,35025,477.4,143.4
25.882141,-75.064968,35025,478.0,143.2
25.848083,-75.036828,35025,478.0,143.2
25.812843,-75.007808,35025,478.0,143.2
25.777496,-74.978638,35025,477.2,143.2
25.743347,-74.95046,35025,477.2,143.2
25.707779,-74.921112,35025,476.6,143.3
25.673233,-74.892659,35025,475.2,143.3
25.639618,-74.865011,35000,475.2,143.3
25.604755,-74.836328,35000,474.4,143.2
25.570213,-74.807981,35000,473.8,143.3
25.535485,-74.779479,34975,473.8,143.3
25.513652,-74.761548,34975,473.8,143.3
25.478668,-74.732819,34975,473.8,143.3
25.444244,-74.704641,34975,474.6,143.4
25.420641,-74.685318,34975,475.2,143.3
25.386285,-74.657178,34975,476.8,143.4
25.355301,-74.631958,34975,476.2,143.5
25.320135,-74.603387,35000,477.6,143.5
25.286224,-74.575755,35000,478.2,143.4
25.251749,-74.547626,35000,479.0,143.5
25.217056,-74.519501,35025,478.4,143.6
25.182816,-74.491577,35025,479.6,143.4
25.147614,-74.462941,35025,479.8,143.6
25.113419,-74.43512,35000,481.2,143.5
25.076108,-74.404855,34975,482.6,143.5
25.042877,-74.377848,35000,483.4,143.6
25.007304,-74.348939,35000,484.0,143.5
24.972157,-74.320385,35025,484.0,143.5
24.936127,-74.291229,35025,484.8,143.6
24.900745,-74.262655,35000,485.6,143.6
24.865273,-74.233945,35025,484.2,143.6
24.829056,-74.204661,35050,484.8,143.6
24.793955,-74.176112,35025,480.0,143.1
24.758469,-74.147186,35025,475.4,143.5
24.723428,-74.119107,35000,479.4,143.8
24.68884,-74.091538,35000,481.9,144.0
24.653275,-74.063059,35000,485.8,143.8
24.616637,-74.033704,35000,486.4,143.7
24.60173,-74.021657,35000,485.0,143.7
24.558354,-73.986753,35000,485.0,143.7
24.524139,-73.959198,35000,483.6,143.8
24.488525,-73.930613,35000,484.2,143.6
24.45282,-73.901876,35000,485.6,143.6
24.416382,-73.872681,35000,485.2,143.9
24.380757,-73.844138,35025,485.0,143.7
24.344284,-73.814799,35050,484.2,143.6
24.309998,-73.787341,35050,484.4,143.8
24.274567,-73.759054,35025,484.4,143.8
24.239777,-73.731232,35025,485.0,143.7
24.205536,-73.703817,35000,485.0,143.7
24.170059,-73.675435,35000,483.6,143.8
24.13472,-73.647257,35000,484.4,143.8
24.099162,-73.619022,35000,483.0,143.8
24.063922,-73.590986,35025,482.4,143.9
24.02861,-73.562978,35000,481.6,143.9
24.016393,-73.553311,34925,482.4,143.9
23.98732,-73.530223,34675,480.2,143.9
23.958435,-73.507284,34425,478.0,143.9
23.927897,-73.482988,34175,478.0,143.9
23.899155,-73.460185,33925,478.8,143.9
23.870219,-73.437229,33675,478.0,143.9
23.840751,-73.413754,33425,476.4,143.7
23.812088,-73.391012,33175,477.4,143.9
23.782514,-73.367632,32925,480.5,144.1
23.771109,-73.358667,32775,481.9,144.0
23.758074,-73.348406,32575,483.3,144.0
23.744202,-73.337453,32275,483.8,143.9
23.72707,-73.323842,31875,484.7,144.0
23.718691,-73.317261,31700,484.7,144.0
23.711429,-73.311508,31575,483.8,143.9
23.690643,-73.295085,31250,484.9,144.1
23.676178,-73.283793,30950,487.1,144.2
23.662079,-73.272705,30575,487.7,144.1
23.648025,-73.261655,30175,488.5,144.2
23.63324,-73.250071,29775,489.1,144.1
23.62294,-73.241984,29550,489.1,144.1
23.603102,-73.226313,29150,486.1,144.0
23.583984,-73.211212,28750,482.4,143.9
23.564044,-73.19553,28350,479.7,144.0
23.544213,-73.17983,27950,476.6,143.9
23.525034,-73.164571,27550,473.6,143.8
23.506073,-73.14947,27150,471.4,143.7
23.486938,-73.134288,26775,468.6,143.8
23.467868,-73.119151,26375,465.2,143.9
23.448223,-73.103689,25975,462.5,144.0
23.431183,-73.090293,25575,460.5,144.1
23.413055,-73.076111,25175,459.1,144.1
23.396164,-73.062877,24800,457.7,144.2
23.379279,-73.049672,24400,455.5,144.1
23.361496,-73.035736,24000,454.1,144.1
23.344437,-73.022378,23600,451.9,144.1
23.326721,-73.008525,23200,450.5,144.1
23.309031,-72.994639,22800,448.3,144.1
23.291062,-72.980601,22400,446.3,144.2
23.273698,-72.966919,22000,443.8,144.0
23.256939,-72.953746,21625,441.6,143.9
23.239334,-72.93988,21225,439.4,143.9
23.222956,-72.927043,20825,437.5,144.0
23.206384,-72.914022,20425,436.9,144.1
23.191498,-72.902427,20025,436.3,144.2
23.175054,-72.889659,19625,434.3,144.4
23.158714,-72.876994,19225,432.9,144.4
23.143204,-72.864874,18825,431.9,144.1
23.126919,-72.852071,18425,430.2,144.0
23.12259,-72.848663,18325,429.4,143.9
23.109283,-72.838157,18100,425.0,143.8
23.106808,-72.836202,18025,422.2,143.9
23.102712,-72.832947,17900,422.2,143.9
23.093867,-72.825979,17600,421.4,143.8
23.084976,-72.818931,17375,420.0,143.8
23.069287,-72.8066,16975,414.4,143.9
23.053162,-72.793962,16575,408.9,144.1
23.037027,-72.781474,16175,404.9,144.4
23.021664,-72.769572,15775,403.7,144.6
23.00714,-72.758484,15375,403.2,144.7
22.991778,-72.746684,14975,402.3,144.6
22.97581,-72.734477,14575,400.7,144.4
22.960029,-72.722219,14175,398.3,144.2
22.9449,-72.710419,13800,397.5,144.1
22.929977,-72.69873,13400,395.3,144.1
22.915146,-72.687095,13000,393.6,143.9
22.905982,-72.679901,12775,390.0,143.9
22.903794,-72.678172,12750,390.0,143.9
22.90242,-72.677057,12725,389.2,143.8
22.892668,-72.669322,12575,380.6,143.8
22.889191,-72.66662,12500,377.2,143.9
22.882147,-72.661082,12300,372.2,144.0
22.87414,-72.654826,12025,368.0,144.1
22.868408,-72.650391,11825,366.1,144.2
22.862228,-72.645597,11625,363.3,144.3
22.857742,-72.642101,11450,362.5,144.2
22.852844,-72.638306,11250,361.9,144.3
22.848633,-72.63501,11075,361.1,144.2
22.846436,-72.633312,11000,361.1,144.2
22.845108,-72.632263,10975,360.3,144.1
22.839706,-72.628068,10850,358.9,144.2
22.830002,-72.620578,10675,349.7,144.3
22.820745,-72.613424,10500,341.9,144.4
22.810503,-72.605489,10350,334.1,144.5
22.799835,-72.597257,10200,325.3,144.3
22.789788,-72.589467,10075,316.1,144.4
22.785049,-72.585821,10025,311.1,144.4
22.780334,-72.582126,9950,306.7,144.3
22.77475,-72.577831,9825,302.2,144.1
22.767489,-72.572174,9625,298.6,144.1
22.759781,-72.566195,9425,298.1,144.3
22.754105,-72.561801,9250,297.5,144.4
22.746414,-72.555908,9050,298.3,144.6
22.738208,-72.549591,8850,299.7,144.5
22.730061,-72.543335,8675,298.9,144.4
22.720565,-72.53596,8525,296.7,144.3
22.710044,-72.527771,8375,292.3,144.2
22.700873,-72.52065,8225,290.9,144.2
22.691391,-72.513211,8050,287.8,144.1
22.681833,-72.505798,7900,285.9,144.2
22.6707,-72.497181,7750,281.4,144.1
22.661397,-72.489929,7600,278.6,144.2
22.653157,-72.483521,7425,277.8,144.1
22.644824,-72.47701,7250,277.3,144.2
22.639114,-72.472612,7125,275.9,144.3
22.633279,-72.468058,7075,275.9,144.3
22.620989,-72.458547,7000,278.6,144.2
22.607895,-72.448142,7000,282.6,142.8
22.602814,-72.443498,7000,281.6,139.5
22.598179,-72.43866,7000,281.4,135.6
22.592592,-72.4322,7000,280.2,132.7
22.575119,-72.411837,7000,279.5,132.8
22.55722,-72.391313,7000,278.0,133.4
22.540221,-72.371826,7000,277.3,133.2
22.523438,-72.352611,7000,277.3,133.2
22.519592,-72.348167,6975,275.9,133.2
22.514694,-72.342524,6900,275.2,133.1
22.510529,-72.33778,6800,273.8,133.1
22.506843,-72.333527,6700,273.1,133.2
22.503708,-72.329889,6600,273.1,133.2
22.500549,-72.326294,6500,273.1,133.2
22.497711,-72.323048,6400,273.8,133.4
22.494965,-72.319952,6300,273.8,133.4
22.491434,-72.315928,6200,273.8,133.4
22.486908,-72.310813,6100,274.4,133.5
22.481598,-72.304771,6000,274.4,133.5
22.475784,-72.298179,5975,274.5,133.2
22.463974,-72.284596,5925,276.6,133.1
22.446762,-72.26487,5950,277.3,133.2
22.42938,-72.245076,5950,277.3,133.2
22.412249,-72.225393,5950,276.6,133.1
22.398148,-72.209389,5950,276.5,134.0
22.394714,-72.206094,5950,276.8,137.8
22.383728,-72.199352,5950,276.0,142.5
22.378372,-72.197904,5950,276.0,142.5
22.360611,-72.198703,5950,279.2,189.9
22.355781,-72.200368,5950,279.2,194.7
22.352057,-72.201996,5975,279.2,194.7
22.34967,-72.203247,5975,279.2,205.0
22.341769,-72.207591,5975,279.1,207.3
22.325289,-72.216441,5950,279.1,205.9
22.303224,-72.227834,5950,279.1,205.9
22.279587,-72.240201,5950,279.5,206.1
22.256424,-72.252386,5950,278.6,206.2
22.233814,-72.264303,5950,278.6,206.2
22.211469,-72.276103,5950,279.5,206.1
22.188538,-72.288191,5950,280.9,206.2
22.164963,-72.300676,5950,280.9,206.2
22.155945,-72.30547,5950,280.0,206.3
22.14881,-72.309214,5875,280.0,206.3
22.14206,-72.312775,5775,279.5,206.1
22.135849,-72.316057,5675,278.6,206.2
22.13112,-72.318573,5575,278.6,206.2
22.127151,-72.320651,5475,278.6,206.2
22.121567,-72.323597,5375,278.6,206.2
22.11795,-72.325495,5275,278.6,206.2
22.113291,-72.327983,5175,278.6,206.2
22.10817,-72.330678,5075,278.6,206.2
22.10289,-72.333485,4975,277.7,206.3
22.097809,-72.336132,4875,277.7,206.3
22.092342,-72.339071,4775,276.8,206.4
22.088199,-72.341258,4675,276.4,206.2
22.083984,-72.343473,4575,277.3,206.1
22.07959,-72.34577,4475,277.3,206.1
22.074792,-72.348328,4375,277.3,206.1
22.069519,-72.351063,4275,277.3,206.1
22.064438,-72.35376,4175,276.4,206.2
22.060035,-72.356059,4075,276.4,206.2
22.054728,-72.358856,3975,276.4,206.2
22.049698,-72.3615,3875,276.4,206.2
22.044719,-72.364146,3775,276.4,206.2
22.039738,-72.36674,3675,276.4,206.2
22.035409,-72.36908,3575,275.5,206.3
22.0308,-72.37147,3475,276.4,206.2
22.026052,-72.373962,3375,276.4,206.2
22.020791,-72.37676,3275,276.4,206.2
22.015411,-72.379578,3175,275.0,206.1
22.009433,-72.382762,3075,275.0,206.1
22.004172,-72.385508,3025,273.7,206.0
21.990346,-72.392731,2950,274.6,205.9
21.967861,-72.404531,2950,277.3,206.1
21.959901,-72.408702,2925,275.5,206.3
21.951242,-72.413279,2825,273.3,206.3
21.944824,-72.416681,2725,272.4,206.4
21.939514,-72.419478,2625,271.9,206.2
21.934204,-72.422275,2525,271.9,206.2
21.928894,-72.425071,2425,271.0,206.3
21.924335,-72.42747,2325,271.0,206.3
21.918702,-72.430471,2225,269.7,206.2
21.909345,-72.435354,2150,266.1,206.1
21.90239,-72.439004,2075,261.6,206.1
21.894104,-72.443348,2000,257.2,206.1
21.885864,-72.447643,1950,252.7,206.1
21.881554,-72.449951,1950,249.1,205.9
21.877457,-72.452087,1950,246.0,206.0
21.873184,-72.454285,1950,241.5,206.0
21.869357,-72.456004,1950,236.9,203.6
21.865726,-72.457225,1950,232.8,197.5
21.863119,-72.457733,1950,230.7,193.8
21.859395,-72.458242,1950,229.4,188.3
21.854874,-72.458529,1950,227.6,184.0
21.843427,-72.459056,1950,224.2,182.3
21.838394,-72.459278,1950,219.2,182.6
21.833405,-72.459578,1950,214.3,183.2
21.828018,-72.45992,1950,209.3,183.3
21.824753,-72.460127,1975,204.4,183.4
21.821503,-72.460327,1975,200.3,183.1
21.814751,-72.460734,1975,195.3,183.2
21.799761,-72.461497,1950,191.2,182.4
21.797012,-72.461276,1950,187.5,176.0
21.794966,-72.460785,1950,185.0,171.6
21.792872,-72.460073,1950,182.4,166.0
21.791107,-72.459079,1950,179.8,157.4
21.789413,-72.45793,1950,179.0,151.3
21.78789,-72.456563,1950,176.8,142.4
21.78653,-72.454984,1950,175.4,134.1
21.785477,-72.453486,1950,175.1,131.1
21.78447,-72.451688,1950,173.9,123.5
21.783515,-72.449493,1950,174.1,118.5
21.783002,-72.447917,1950,173.5,110.9
21.782547,-72.445745,1950,173.1,106.4
21.782272,-72.443548,1950,171.8,100.4
21.781792,-72.439168,1950,170.2,96.8
21.781311,-72.43376,1950,171.6,94.7
21.781082,-72.427368,1975,172.1,92.0
21.780945,-72.421675,1950,168.1,91.7
21.780768,-72.416687,1950,163.2,92.5
21.780167,-72.401301,1950,162.2,92.5
21.779651,-72.387238,1925,160.2,92.5
21.779297,-72.380676,1825,158.2,92.9
21.779139,-72.376709,1725,156.2,92.9
21.778906,-72.372742,1625,152.2,93.0
21.778627,-72.366943,1525,147.2,93.1
21.778336,-72.361001,1425,145.2,93.2
21.778061,-72.355508,1325,143.2,93.2
21.77774,-72.349815,1225,143.2,93.2
21.777463,-72.343699,1125,143.2,93.2
21.777191,-72.338129,1025,144.2,92.8
21.776917,-72.332636,925,144.2,92.8
21.776671,-72.32722,825,144.2,93.2
21.776299,-72.321218,725,143.3,93.6
21.776066,-72.31603,625,143.2,93.2
21.775726,-72.309914,525,144.2,93.2
21.775497,-72.304721,425,143.2,92.8
21.775223,-72.299078,325,141.2,92.8
21.774994,-72.293884,225,141.2,92.8
21.774763,-72.288259,125,141.2,92.8
21.77449,-72.283098,25,142.2,93.2
21.774251,-72.278341,-75,144.2,93.2
21.774124,-72.276056,-75,145.2,92.8
21.773925,-72.271525,-50,140.2,93.3
21.773832,-72.269745,-50,126.2,93.2
21.773692,-72.267303,-50,118.2,93.4
21.773669,-72.266947,-50.0,99.0,92.8
21.773643,-72.266319,-50.0,91.0,92.8
21.773599,-72.265485,-50.0,83.0,92.8
21.773576,-72.264989,-50.0,79.0,92.8
21.773517,-72.263781,-50.0,67.5,92.8
21.773494,-72.263234,-50.0,56.5,92.8
21.773471,-72.262522,-50.0,48.5,92.8
21.773449,-72.262174,-50.0,45.5,92.8
21.773448,-72.262103,-50.0,43.5,92.8
21.773415,-72.261262,-50.0,33.5,92.8
21.773366,-72.260246,-50.0,21.5,92.8
21.773389,-72.259839,-50.0,17.5,87.2
21.773424,-72.259534,-50.0,14.2,84.4
21.773413,-72.259254,-50.0,6.2,98.4
21.773354,-72.259229,-50.0,5.8,112.5
21.773331,-72.259229,-50.0,5.8,120.9
21.773254,-72.259277,-50.0,5.2,149.1
21.773238,-72.259293,-50.0,4.8,157.5
21.77322,-72.259315,-50.0,4.8,168.8
21.773203,-72.259356,-50.0,4.2,180.0
21.773197,-72.25939,-50.0,4.2,191.2
21.773192,-72.25942,-50.0,4.2,202.5
21.773197,-72.259465,-50.0,4.8,213.8
21.773197,-72.259502,-50.0,4.8,222.2
21.773197,-72.259527,-50.0,4.8,230.6
21.773197,-72.259577,-50.0,5.8,241.9
21.773209,-72.259627,-50.0,6.8,253.1
21.77322,-72.259664,-50.0,7.2,258.8
21.773243,-72.259752,-50.0,8.2,267.2
21.773254,-72.259902,-50.0,10.8,272.8
21.773277,-72.260114,-50.0,13.8,278.4
21.773331,-72.260513,-50.0,17.5,278.4
21.773366,-72.26092,-50.0,19.5,275.6
21.773403,-72.261375,-50.0,22.5,275.6
21.773424,-72.26181,-50.0,24.5,272.8
21.773449,-72.262274,-50.0,24.5,272.8
21.773471,-72.262751,-50.0,25.5,272.8
21.773494,-72.263196,-50.0,26.5,272.8
21.773518,-72.263609,-50.0,26.5,272.8
21.773541,-72.263985,-50.0,26.5,272.8
21.773564,-72.264493,-50.0,26.5,272.8
21.773586,-72.264908,-50.0,27.5,272.8
21.773599,-72.26532,-50.0,27.5,272.8
21.773621,-72.265657,-50.0,27.5,272.8
21.773634,-72.266108,-50.0,27.5,272.8
21.773678,-72.266843,-50.0,28.5,272.8
21.773704,-72.267265,-50.0,28.5,272.8
21.773715,-72.267761,-50.0,29.5,272.8
21.773735,-72.268129,-50.0,29.5,272.8
21.773758,-72.268591,-50.0,29.5,272.8
21.773785,-72.269007,-50.0,27.5,272.8
21.773808,-72.269351,-50.0,26.5,272.8
21.773838,-72.269814,-50.0,23.5,272.8
21.773849,-72.270026,-50.0,18.5,275.6
21.773867,-72.270266,-50.0,16.5,275.6
21.773895,-72.270364,-50.0,14.8,281.2
21.773936,-72.270457,-50.0,14.2,286.9
21.773998,-72.270538,-50.0,12.8,295.3
21.774076,-72.270622,-50.0,12.2,309.4
21.774193,-72.270663,-50.0,12.8,326.2
21.774319,-72.270676,-50.0,13.2,343.1
21.774433,-72.270663,-50.0,12.8,354.4
21.7746,-72.27066,-50.0,11.8,0.0
21.774786,-72.270648,-50.0,9.2,0.0
21.775063,-72.27085,-50.0,10.2,320.6
21.775085,-72.2709,-50.0,10.2,312.2
21.775303,-72.272036,-50.0,8.8,281.2
21.77531,-72.272161,-50.0,8.8,275.6
21.775303,-72.272311,-50.0,9.2,270.0
21.77531,-72.272453,-50.0,7.8,272.8
21.775394,-72.272536,-50.0,6.2,295.3
21.775403,-72.272555,-50.0,6.2,300.9
21.774809,-72.27197,-50.0,8.2,202.5
21.774754,-72.271974,-50.0,8.8,196.9
21.774542,-72.271983,-50.0,9.8,185.6
21.774262,-72.272021,-50.0,9.8,188.4
21.774134,-72.272123,-50.0,9.8,205.3
21.774055,-72.272224,-50.0,10.2,222.2
21.773987,-72.272498,-50.0,10.8,250.3
21.773987,-72.272636,-50.0,11.2,261.6
21.773995,-72.272911,-50.0,12.2,270.0
21.773998,-72.273247,-50.0,13.2,272.8
21.77401,-72.273422,-50.0,13.8,272.8
21.774029,-72.273839,-50.0,15.5,272.8
21.774044,-72.274259,-50.0,16.5,272.8
21.774064,-72.274679,-50.0,17.5,272.8
21.774088,-72.275162,-50.0,17.5,272.8
21.774101,-72.275432,-50.0,18.5,272.8
21.774124,-72.275694,-50.0,18.5,272.8
21.774146,-72.276179,-50.0,18.5,272.8
21.774169,-72.276713,-50.0,19.5,272.8
21.774216,-72.277412,-50.0,19.5,272.8
21.774239,-72.277842,-50.0,20.5,272.8
21.77425,-72.278204,-50.0,20.5,272.8
21.774284,-72.278803,-50.0,21.5,272.8
21.774307,-72.279277,-50.0,21.5,272.8
21.774344,-72.280006,-50.0,22.5,272.8
21.774364,-72.280476,-50.0,22.5,272.8
21.774425,-72.280909,-50.0,22.5,281.2
21.774685,-72.281512,-50.0,17.5,300.9
21.774662,-72.281999,-50.0,9.8,241.9
21.774582,-72.282024,-50.0,9.8,222.2
21.774513,-72.282024,-50.0,9.2,205.3
21.774433,-72.281962,-50.0,9.2,180.0
21.774399,-72.281912,-50.0,9.2,163.1
21.774379,-72.28185,-50.0,8.8,146.2
21.77441,-72.2815,-50.0,8.2,92.8
21.774387,-72.281238,-50.0,10.2,92.8
21.774379,-72.280973,-50.0,14.2,92.8
21.774364,-72.280726,-50.0,18.5,92.8
21.774355,-72.280528,-50.0,27.5,92.8
21.774353,-72.280301,-50.0,32.5,92.8
21.774332,-72.279994,-50.0,37.5,92.8
21.774296,-72.27929,-50.0,51.5,92.8
21.774274,-72.278748,-50.0,61.5,92.8
21.774261,-72.278379,-50.0,66.5,92.8
21.774204,-72.277417,-50.0,75.0,92.8
21.774193,-72.277193,-50.0,81.0,92.8
21.774111,-72.275035,0,81.0,98.0
21.773878,-72.270762,0,123.1,92.8
21.773739,-72.268016,0,134.2,93.0
21.773692,-72.267253,0,141.2,93.2
21.773346,-72.260726,0,170.3,93.4
21.773273,-72.258911,50,173.4,93.6
21.773117,-72.25703,100,175.4,93.9
21.772994,-72.255198,200,175.4,93.9
21.772947,-72.254435,225,174.5,94.3
21.770325,-72.224121,1825,169.7,95.1
21.770154,-72.221324,1925,172.5,94.3
21.769867,-72.21698,2050,176.5,94.2
21.768525,-72.197266,2575,186.5,94.3
21.767029,-72.175981,3050,214.7,94.5
21.766383,-72.167257,3225,215.7,94.5
21.766104,-72.163289,3300,215.7,94.5
21.765964,-72.16156,3350,228.6,94.3
21.765592,-72.155762,3500,233.6,94.2
21.765427,-72.15276,3575,235.5,93.9
21.76506,-72.147516,3700,240.5,93.8
21.765033,-72.147013,3700,240.5,93.8
21.763733,-72.126642,4175,255.5,93.6
21.763544,-72.122752,4275,257.5,93.6
21.763046,-72.113758,4525,261.4,93.3
21.762706,-72.107188,4625,263.4,93.3
21.762497,-72.103072,4700,262.4,93.3
21.762222,-72.098278,4800,262.4,93.3
21.761914,-72.09259,4900,262.4,93.3
21.761635,-72.087148,5000,262.4,93.3
21.761356,-72.081553,5100,262.3,92.8
21.761402,-72.0755,5200,263.0,90.2
21.76181,-72.070862,5275,263.6,86.1
21.762519,-72.067006,5325,264.6,79.3
21.763823,-72.062734,5425,265.5,73.8
21.76508,-72.05958,5500,265.5,69.7
21.766663,-72.05663,5600,266.5,63.7
21.768082,-72.054282,5675,267.6,59.7
21.76913,-72.052663,5750,267.9,56.0
21.771178,-72.05012,5850,269.8,50.1
21.773552,-72.047526,5950,270.9,46.3
21.776367,-72.045094,6050,272.3,40.8
21.779371,-72.042898,6150,274.1,35.2
21.781723,-72.041349,6250,275.5,32.2
21.784515,-72.039651,6350,276.1,30.5
21.786727,-72.038371,6450,276.2,29.3
21.789659,-72.036641,6550,276.1,28.8
21.792068,-72.035256,6650,276.5,28.5
21.794082,-72.034098,6750,276.5,28.5
21.796509,-72.032709,6850,276.9,28.2
21.799389,-72.031047,6950,276.9,28.2
21.80451,-72.028097,7150,276.9,28.2
21.810104,-72.024869,7350,278.3,28.3
21.815775,-72.021586,7550,279.7,28.4
21.822144,-72.017878,7750,281.5,28.7
21.828369,-72.014182,7950,283.3,28.9
21.833679,-72.011036,8150,283.8,29.1
21.838772,-72.007955,8350,284.3,29.3
21.844849,-72.004295,8550,284.8,29.5
21.850754,-72.000749,8725,286.6,29.7
21.856415,-71.997274,8925,288.4,29.5
21.861862,-71.993968,9125,288.9,29.7
21.867821,-71.990306,9325,289.4,29.8
21.873825,-71.986617,9525,290.2,29.7
21.880417,-71.982572,9725,292.5,29.7
21.886826,-71.978627,9925,293.8,29.8
21.893326,-71.974632,10125,294.7,29.7
21.896439,-71.972734,10225,294.7,29.7
21.90065,-71.970187,10325,297.8,29.6
21.911021,-71.963908,10500,304.5,29.5
21.922054,-71.957194,10650,313.4,29.4
21.932808,-71.950734,10800,321.5,29.4
21.945004,-71.943359,10950,330.4,29.4
21.956689,-71.936289,11100,337.6,29.5
21.96963,-71.928507,11250,345.2,29.3
21.983414,-71.920199,11400,354.6,29.4
21.996305,-71.912435,11550,362.7,29.4
22.004929,-71.907166,11675,364.9,29.4
22.01445,-71.901423,11875,368.0,29.3
22.031845,-71.890936,12250,370.7,29.4
22.048816,-71.880747,12625,373.0,29.4
22.06469,-71.871185,13025,373.9,29.3
22.082892,-71.860148,13425,375.2,29.4
22.100582,-71.849467,13800,378.8,29.4
22.119854,-71.837819,14175,381.9,29.3
22.13787,-71.826986,14550,384.1,29.3
22.155932,-71.81605,14925,385.5,29.4
22.161239,-71.812846,15000,386.9,29.4
22.184235,-71.7989,15275,394.1,29.5
22.202454,-71.787864,15625,395.8,29.4
22.213531,-71.781172,15800,397.2,29.4
22.234589,-71.768388,16125,402.1,29.5
22.25386,-71.756703,16475,404.4,29.5
22.274129,-71.744385,16850,406.6,29.5
22.293091,-71.732882,17225,406.6,29.5
22.311603,-71.721598,17575,408.0,29.5
22.33311,-71.708577,17950,410.2,29.5
22.353378,-71.696278,18275,413.3,29.4
22.375938,-71.682638,18600,416.4,29.3
22.396957,-71.669861,18925,419.1,29.4
22.416641,-71.657876,19275,419.6,29.6
22.428077,-71.65095,19450,420.5,29.5
22.434408,-71.647085,19525,421.4,29.4
22.463224,-71.629588,19775,429.4,29.4
22.467499,-71.627014,19825,430.8,29.5
22.489014,-71.613922,20150,431.6,29.4
22.51474,-71.5983,20450,435.2,29.5
22.539802,-71.583099,20750,438.8,29.5
22.564102,-71.568247,21075,440.2,29.5
22.592651,-71.550859,21350,444.7,29.5
22.618652,-71.534979,21650,447.4,29.6
22.642181,-71.520647,21950,448.6,29.4
22.665121,-71.506704,22300,448.6,29.4
22.687317,-71.493231,22625,447.8,29.4
22.711301,-71.478628,22925,448.6,29.4
22.738312,-71.462169,23225,451.0,29.6
22.763626,-71.446639,23525,451.9,29.6
22.792007,-71.42926,23775,455.5,29.6
22.823538,-71.410014,24025,459.9,29.6
22.853052,-71.391856,24325,460.4,29.7
22.885437,-71.371982,24575,464.4,29.5
22.918625,-71.351707,24825,468.0,29.6
22.950439,-71.332245,25075,471.6,29.6
22.976741,-71.316121,25275,473.8,29.6
23.007294,-71.297374,25550,475.2,29.6
23.041821,-71.276194,25775,478.3,29.6
23.074677,-71.256076,26025,480.5,29.5
23.105942,-71.23685,26300,482.4,29.7
23.139581,-71.216176,26525,485.5,29.6
23.160297,-71.20341,26725,484.6,29.7
23.170029,-71.197449,26775,486.8,29.7
23.183212,-71.189309,26800,486.8,29.7
23.185063,-71.188151,26825,489.1,29.7
23.214935,-71.169733,27100,489.1,29.7
23.246384,-71.150257,27400,488.2,29.7
23.28392,-71.127086,27775,487.3,29.8
23.495333,-70.996043,29300,0.0,0.0
23.501633,-70.992204,29375,493.5,29.6
23.764638,-70.828806,31050,502.6,29.8
23.846663,-70.777916,31725,0.0,0.0
23.879059,-70.757853,31975,501.6,29.6
33.220001,-72.072894,34025,408.3,347.1
33.252682,-72.081803,34025,408.3,347.1
33.262024,-72.08432,34025,408.3,347.1
33.336104,-72.104393,34025,0.0,0.0
33.358246,-72.110413,34025,407.3,347.1
33.393494,-72.120026,34025,406.1,347.2
33.430419,-72.130065,34000,405.1,347.2
33.460693,-72.138263,34000,405.1,347.2
33.473694,-72.141779,34000,405.1,347.2
33.510223,-72.151666,34000,405.1,347.2
33.532104,-72.157654,34000,404.1,347.1
33.563744,-72.166328,34000,404.1,347.1
33.590286,-72.173618,34000,404.1,347.1
33.626358,-72.183483,33975,404.1,347.1
33.655197,-72.19133,33975,404.1,347.1
33.768807,-72.22229,33975,403.2,347.1
33.804839,-72.232132,34000,403.2,347.1
33.835749,-72.240601,34000,402.2,347.1
33.869639,-72.250042,34000,401.9,346.0
33.885681,-72.255398,34000,400.7,343.9
33.899277,-72.260611,34000,400.0,341.8
33.912827,-72.266441,34000,399.2,339.9
33.926193,-72.272831,34000,398.7,337.7
33.950272,-72.284602,34000,398.9,338.8
33.963535,-72.289982,34000,399.1,341.3
33.974196,-72.293816,34000,400.3,343.6
33.986847,-72.297718,34000,400.9,346.0
33.99939,-72.300913,34000,401.5,348.2
34.013067,-72.303829,34000,402.3,350.7
34.028549,-72.306294,34000,404.0,353.0
34.04425,-72.307976,34000,405.4,355.2
34.081604,-72.311563,34000,404.4,355.2
34.118546,-72.315599,34000,404.8,354.6
34.155121,-72.319747,34000,404.8,354.6
34.192107,-72.323971,34000,404.8,354.6
34.229507,-72.328155,34000,404.7,354.8
34.263099,-72.331867,34000,403.7,354.7
34.342098,-72.340393,34000,403.6,354.9
34.377502,-72.344186,34000,402.6,354.9
34.413788,-72.348061,34000,402.6,354.9
34.449075,-72.351894,34000,402.6,354.9
34.486224,-72.3559,33975,402.6,354.9
34.521011,-72.359657,34000,402.6,354.9
34.557169,-72.363567,34000,402.6,354.9
34.592377,-72.367448,34000,403.6,354.9
34.628998,-72.371428,34000,403.6,354.9
34.66539,-72.375407,34025,402.6,354.9
34.701599,-72.379331,34025,402.6,354.9
34.738909,-72.383308,34025,401.5,355.0
34.765072,-72.385597,34000,401.8,356.4
34.799427,-72.3876,34000,401.4,357.4
34.83609,-72.389533,34000,401.4,357.4
34.871397,-72.391548,34000,400.5,357.1
34.908266,-72.393837,33975,400.6,357.0
34.944443,-72.396203,34000,400.6,356.9
34.980927,-72.398613,33975,400.6,356.9
35.017198,-72.401047,33975,401.6,356.9
35.053482,-72.40349,33975,402.6,356.9
35.088501,-72.4059,33975,402.7,356.7
35.123803,-72.408314,34000,403.7,356.7
35.161423,-72.410945,34000,404.7,356.7
35.19722,-72.413355,34000,405.7,356.8
35.233795,-72.415867,34025,406.7,356.8
35.267578,-72.41827,34025,406.7,356.6
35.305264,-72.42094,34050,406.7,356.6
35.340504,-72.423336,34050,405.6,356.9
35.375744,-72.425615,34050,404.5,357.0
35.413193,-72.427998,34025,404.5,357.0
35.449768,-72.430286,34025,403.5,357.0
35.486847,-72.43269,34000,402.6,356.9
35.523514,-72.435093,34000,402.6,356.9
35.559811,-72.437536,34000,401.7,356.7
35.596913,-72.440108,33975,400.7,356.7
35.633423,-72.442646,33975,400.7,356.7
35.67014,-72.44525,33975,399.7,356.7
35.705101,-72.447646,33975,399.7,356.7
35.741776,-72.450256,33975,399.7,356.7
35.777909,-72.45273,33975,399.6,356.8
35.81424,-72.455177,33975,399.6,357.0
35.850998,-72.457523,33975,399.6,357.0
35.888168,-72.459927,33975,400.6,357.0
35.924176,-72.462372,33975,400.7,356.7
35.960067,-72.464944,34000,400.7,356.7
35.99675,-72.467594,34000,400.7,356.7
36.032596,-72.470028,34000,400.6,356.9
36.069,-72.472482,34000,400.6,356.9
36.105515,-72.474861,34000,399.6,356.8
36.141295,-72.477274,34000,399.6,356.8
36.174271,-72.479496,34000,399.6,356.8
36.191618,-72.480138,34000,401.1,358.9
36.204895,-72.480068,34000,401.0,0.6
36.226951,-72.479144,34000,402.3,2.1
36.261959,-72.476982,34000,402.5,3.0
36.295849,-72.474995,34000,402.4,2.6
36.332346,-72.473359,34025,402.2,1.9
36.364886,-72.472132,34000,402.2,1.7
36.40123,-72.470856,34000,402.2,1.6
36.438345,-72.469677,34000,402.1,1.4
36.474935,-72.468567,34000,401.1,1.4
36.51123,-72.46748,34000,401.1,1.4
36.548309,-72.466278,34000,401.1,1.4
36.584938,-72.465061,34000,401.2,1.6
36.620039,-72.463833,33975,401.2,1.6
36.65593,-72.462673,33975,401.2,1.6
36.688517,-72.461671,34000,401.1,1.4
36.725154,-72.460502,34000,402.1,1.4
36.760626,-72.459334,34000,401.2,1.6
36.797104,-72.458096,34025,401.2,1.6
36.834229,-72.456837,34025,401.2,1.6
36.869605,-72.45561,34025,401.2,1.6
36.906052,-72.454366,34025,401.2,1.6
36.943251,-72.453102,34000,401.2,1.6
36.978973,-72.451854,34000,401.2,1.6
37.015453,-72.450654,34000,401.2,1.6
37.052183,-72.449401,34000,401.1,1.4
37.089285,-72.448206,34000,401.2,1.6
37.124817,-72.446945,34000,401.2,1.6
37.160431,-72.445718,34000,401.2,1.6
37.19664,-72.44449,34000,401.2,1.6
37.233411,-72.443251,34000,401.2,1.6
37.26947,-72.442036,34000,401.1,1.4
37.305038,-72.440867,34000,400.2,1.6
37.342117,-72.439582,34000,400.2,1.6
37.378235,-72.438354,34000,401.2,1.6
37.414398,-72.437069,34000,401.2,1.6
37.451555,-72.435847,34000,401.2,1.6
37.488007,-72.434614,34000,401.2,1.6
37.524269,-72.433399,34000,401.2,1.6
37.561478,-72.432043,34000,401.2,1.6
37.596798,-72.430831,34000,400.2,1.6
37.633481,-72.429637,34000,401.2,1.6
37.670837,-72.428362,34000,400.2,1.6
37.706102,-72.427189,34000,401.2,1.6
37.742646,-72.425935,34000,401.2,1.6
37.779934,-72.424681,34000,401.2,1.6
37.816223,-72.423394,34000,401.2,1.6
37.8533,-72.422114,34000,402.2,1.6
37.889751,-72.42092,34000,402.2,1.6
37.926086,-72.419713,34000,402.2,1.6
37.96257,-72.418427,34000,402.2,1.6
37.999969,-72.417083,34000,402.2,1.7
38.036224,-72.415797,34025,402.2,1.6
38.072561,-72.414531,34000,402.2,1.6
38.109384,-72.413277,34025,402.2,1.6
38.145974,-72.411963,34025,401.2,1.6
38.182434,-72.410713,34000,401.2,1.6
38.218689,-72.409456,34000,401.2,1.6
38.25531,-72.408201,34000,401.2,1.6
38.290286,-72.407008,34000,401.2,1.6
38.327202,-72.405754,33975,401.2,1.6
38.363792,-72.4045,33975,402.2,1.6
38.400146,-72.403175,34000,402.2,1.7
38.436951,-72.401813,34000,402.2,1.6
38.473702,-72.400574,34000,402.2,1.6
38.510284,-72.399246,34025,402.2,1.7
38.547272,-72.397932,34025,402.2,1.6
38.583565,-72.396606,34025,401.2,1.6
38.620239,-72.395305,34025,401.2,1.6
38.657501,-72.393991,34000,401.2,1.6
38.69458,-72.392678,34000,401.2,1.6
38.730881,-72.391424,34000,400.2,1.6
38.766888,-72.390198,34000,400.2,1.6
38.803757,-72.388916,34000,400.2,1.6
38.840068,-72.387634,34000,400.2,1.6
38.877136,-72.386289,34000,400.2,1.6
38.913667,-72.385071,34000,400.2,1.6
38.95049,-72.38385,34000,400.2,1.6
38.987685,-72.382568,34000,399.2,1.6
39.023575,-72.381333,34000,399.2,1.6
39.060333,-72.37996,34000,399.2,1.6
39.09668,-72.378646,34000,399.2,1.6
39.132797,-72.377333,34000,399.2,1.6
39.168961,-72.376079,33975,399.2,1.6
39.205078,-72.374825,33975,399.2,1.6
39.24202,-72.373511,34000,399.2,1.6
39.277817,-72.372257,34000,399.2,1.6
39.314063,-72.370911,34000,399.2,1.6
39.350143,-72.36963,34000,399.2,1.6
39.386627,-72.368376,34025,398.2,1.6
39.423019,-72.367122,34025,397.2,1.6
39.458954,-72.365809,34025,396.2,1.7
39.495392,-72.364316,34000,396.2,1.9
39.531881,-72.362915,34025,395.2,1.6
39.567959,-72.361633,34000,394.2,1.6
39.604477,-72.360256,33975,393.2,1.6
39.640091,-72.358942,33975,393.2,1.6
39.675774,-72.357666,33975,393.2,1.6
39.711061,-72.356323,33950,393.2,1.6
39.747391,-72.355061,33975,394.2,1.6
39.783217,-72.353699,33975,395.2,1.6
39.818939,-72.352434,33975,395.2,1.6
39.855194,-72.35124,33975,396.1,1.5
39.891495,-72.349926,34000,396.2,1.6
39.927429,-72.348572,34025,396.2,1.7
39.963886,-72.347155,34050,395.2,1.6
40.000336,-72.345969,34000,397.1,1.4
40.014861,-72.34547,33900,398.2,1.6
40.02594,-72.345096,33775,399.1,1.4
40.034363,-72.344788,33650,400.2,1.6
40.054476,-72.344034,33275,402.2,1.7
40.075146,-72.343285,32875,403.2,1.7
40.095795,-72.342529,32475,404.2,1.6
40.116484,-72.34185,32075,406.1,1.5
40.136455,-72.341163,31700,408.1,1.5
40.156147,-72.340414,31300,411.2,1.7
40.17635,-72.339665,30900,414.2,1.7
40.196368,-72.338916,30500,416.1,1.5
40.216245,-72.338292,30100,419.1,1.5
40.237701,-72.337524,29700,420.2,1.6
40.258942,-72.336731,29300,421.2,1.8
40.280411,-72.335876,28900,422.2,1.8
40.301715,-72.334983,28575,421.2,1.9
40.328064,-72.333862,28250,420.2,1.8
40.35228,-72.332947,27925,418.2,1.6
40.376358,-72.332031,27600,416.2,1.6
40.400732,-72.331051,27275,413.2,1.8
40.4263,-72.330139,26950,410.1,1.5
40.45152,-72.329303,26625,408.1,1.4
40.475635,-72.328491,26300,406.1,1.4
40.499376,-72.32768,25975,403.2,1.6
40.523987,-72.326782,25650,400.2,1.7
40.534882,-72.325806,25500,400.1,4.2
40.544266,-72.324036,25375,399.9,8.1
40.552277,-72.321838,25250,401.1,12.2
40.560745,-72.318665,25125,402.2,16.3
40.569534,-72.314514,25025,402.7,19.7
40.577591,-72.309814,24900,403.4,23.8
40.585464,-72.304443,24800,406.2,27.9
40.596176,-72.296143,24650,408.5,30.8
40.618378,-72.278748,24325,407.1,30.7
40.639252,-72.262817,24000,403.2,30.1
40.659469,-72.247592,23675,399.5,29.7
40.681489,-72.231237,23375,394.9,29.4
40.702018,-72.216006,23050,390.5,29.5
40.722827,-72.200588,22725,386.5,29.6
40.743439,-72.18512,22400,383.9,29.8
40.764352,-72.169252,22075,382.2,30.0
40.783768,-72.154541,21750,383.5,30.0
40.803131,-72.139893,21425,382.5,29.8
40.822586,-72.125305,21100,380.3,29.8
40.841908,-72.110762,20775,376.7,29.8
40.862251,-72.095406,20450,375.0,29.9
40.882175,-72.0803,20125,372.7,29.9
40.901093,-72.065918,19800,372.7,29.9
40.920593,-72.051025,19475,371.9,30.0
40.940179,-72.036105,19150,371.9,30.0
40.959549,-72.021423,18825,369.1,29.9
40.977951,-72.007385,18500,366.9,29.9
40.996994,-71.99292,18175,364.7,29.9
41.016953,-71.977661,17850,363.8,30.0
41.035798,-71.963258,17525,362.9,30.1
41.054651,-71.948901,17200,361.6,30.0
41.06736,-71.939226,17000,360.2,30.0
41.076187,-71.932495,16925,358.0,30.0
41.091009,-71.921186,16875,357.1,30.1
41.119219,-71.899525,16850,358.5,30.1
41.147461,-71.877991,16850,358.0,30.0
41.175501,-71.856516,16850,358.0,30.0
41.20372,-71.8349,16850,356.2,30.2
41.231969,-71.813133,16850,355.4,30.2
41.2603,-71.79126,16850,354.9,30.1
41.288269,-71.769836,16850,353.5,30.0
41.316605,-71.748047,16850,354.0,30.2
41.344532,-71.726615,16850,354.9,30.1
41.37237,-71.705142,16850,354.9,30.1
41.400115,-71.683683,16850,355.4,30.2
41.428436,-71.661696,16850,353.1,30.3
41.440942,-71.652002,16800,353.1,30.3
41.458585,-71.638333,16625,352.6,30.1
41.479254,-71.622364,16350,351.8,30.2
41.489682,-71.614316,16150,352.6,30.1
41.497596,-71.608184,15950,352.6,30.1
41.512299,-71.596839,15550,351.3,30.1
41.527203,-71.585381,15150,348.2,30.2
41.541774,-71.574139,14750,345.4,30.0
41.556381,-71.562819,14350,342.0,30.4
41.570526,-71.551708,13950,340.3,30.6
41.585067,-71.54035,13550,338.9,30.5
41.599638,-71.528916,13150,337.5,30.4
41.615433,-71.516564,12800,332.2,30.6
41.62999,-71.505078,12400,328.6,30.5
41.64267,-71.495153,12025,326.7,30.3
41.649994,-71.489473,11825,326.7,30.3
41.659411,-71.482097,11650,325.4,30.3
41.668256,-71.475262,11500,324.9,30.1
41.681854,-71.464816,11350,325.2,29.9
41.693115,-71.456164,11200,326.6,29.9
41.706482,-71.445777,11075,324.0,30.2
41.714902,-71.438854,10975,320.4,32.2
41.719482,-71.434291,10925,319.4,36.7
41.723048,-71.429912,10875,319.9,42.7
41.726761,-71.424616,10800,320.6,47.4
41.729828,-71.419185,10750,320.7,52.1
41.732592,-71.413368,10675,322.4,57.5
41.740768,-71.395839,10575,314.2,56.2
41.743857,-71.390757,10525,310.7,52.1
41.747302,-71.386094,10475,305.6,46.3
41.750468,-71.382517,10425,301.0,41.6
41.753773,-71.379387,10400,297.2,36.8
41.757751,-71.376176,10350,293.8,32.1
41.76164,-71.373767,10325,288.0,25.9
41.766621,-71.371084,10300,283.0,22.2
41.775604,-71.366751,10225,277.1,19.6
41.787663,-71.361311,10100,268.8,18.4
41.796647,-71.357351,9975,264.7,18.5
41.804049,-71.353966,9900,259.9,18.9
41.810194,-71.351091,9825,256.5,19.4
41.81201,-71.350261,9800,255.6,19.4
41.819504,-71.346713,9600,255.6,19.4
41.827057,-71.343217,9400,257.1,19.1
41.834518,-71.339784,9200,258.1,19.0
41.840686,-71.336975,9075,258.7,18.7
41.845825,-71.334665,9000,257.4,18.6
41.852692,-71.331607,8925,255.5,18.7
41.874529,-71.321198,8875,260.0,19.5
41.894073,-71.312069,8800,261.5,19.2
41.908447,-71.305452,8775,257.1,19.1
41.917053,-71.301394,8725,252.4,19.4
41.924526,-71.297884,8650,248.3,19.5
41.934023,-71.293413,8575,243.5,19.2
41.940765,-71.290408,8500,239.1,18.3
41.946899,-71.288036,8425,234.9,15.8
41.954269,-71.285539,8325,229.9,14.1
41.957811,-71.284407,8250,228.7,13.9
41.960697,-71.283449,8150,228.7,13.9
41.966749,-71.281469,7950,232.6,13.7
41.97308,-71.279425,7775,235.5,13.5
41.976471,-71.278361,7725,236.3,13.2
41.985789,-71.275464,7575,234.1,13.1
41.996796,-71.271993,7450,230.2,13.3
42.00427,-71.269588,7275,228.2,13.4
42.011765,-71.267161,7100,229.2,13.4
42.014884,-71.266203,7000,230.4,13.6
42.017491,-71.265372,6900,231.4,13.5
42.02061,-71.26435,6800,232.1,13.2
42.024353,-71.263192,6700,233.1,13.1
42.028431,-71.261923,6600,235.1,13.0
42.033319,-71.26039,6500,235.3,13.3
42.03804,-71.258885,6400,235.3,13.3
42.042526,-71.257449,6300,236.5,13.4
42.046875,-71.256076,6225,236.3,13.2
42.055847,-71.253329,6150,232.9,12.9
42.059668,-71.25215,6075,230.7,12.8
42.064911,-71.250645,5975,229.3,12.3
42.068298,-71.249584,5925,228.8,12.9
42.071777,-71.248335,5825,228.2,14.5
42.076447,-71.2464,5725,228.4,17.3
42.080338,-71.244465,5625,228.7,19.9
42.084107,-71.242442,5525,228.4,21.9
42.087692,-71.240398,5425,228.1,23.0
42.091049,-71.23841,5325,228.5,23.2
42.094814,-71.236246,5250,229.3,23.7
42.098865,-71.233819,5150,229.3,23.7
42.10231,-71.231856,5050,228.9,23.4
42.105801,-71.229858,4950,230.7,23.2
42.109339,-71.227814,4850,230.3,23.0
42.112597,-71.226026,4750,230.8,22.7
42.115494,-71.224365,4650,230.8,22.7
42.118556,-71.222705,4550,231.8,22.6
42.122001,-71.220724,4450,232.7,22.5
42.125818,-71.21868,4350,233.2,22.2
42.130194,-71.216253,4250,232.7,22.5
42.135268,-71.213379,4150,231.6,23.1
42.140063,-71.210568,4050,231.1,23.5
42.145789,-71.207183,3950,229.7,23.9
42.15271,-71.203017,3900,227.4,23.9
42.167313,-71.194403,3875,223.0,23.8
42.174233,-71.190448,3875,218.6,23.2
42.177155,-71.188785,3875,214.2,23.1
42.180862,-71.1866,3875,209.6,23.6
42.181824,-71.186038,3875,208.7,23.7
42.182693,-71.185539,3875,207.7,23.9
42.183636,-71.184955,3850,207.7,23.9
42.184614,-71.18438,3825,206.4,23.7
42.187128,-71.182911,3725,206.9,23.3
42.189423,-71.181668,3650,207.5,23.0
42.193598,-71.17927,3550,206.5,23.1
42.196531,-71.177482,3475,204.1,24.3
42.199585,-71.175301,3375,203.6,28.5
42.20235,-71.172947,3275,204.8,31.8
42.205376,-71.169945,3175,206.6,36.5
42.208054,-71.166874,3075,208.7,40.0
42.210543,-71.163877,3025,209.0,41.3
42.213318,-71.16057,2975,207.6,41.3
42.219681,-71.153204,2900,209.2,40.5
42.224258,-71.14796,2875,208.6,40.3
42.229583,-71.14184,2875,204.9,40.8
42.231632,-71.139349,2875,201.1,42.2
42.233643,-71.136599,2875,196.6,44.6
42.236023,-71.133041,2850,191.8,47.8
42.23877,-71.128485,2875,189.3,51.4
42.240417,-71.125551,2850,188.8,52.1
42.242844,-71.121368,2800,189.6,52.3
42.243642,-71.119995,2775,189.6,52.3
42.246528,-71.114949,2675,190.2,52.0
42.248996,-71.110733,2575,190.1,51.6
42.251404,-71.106637,2525,189.4,51.9
42.254489,-71.101472,2425,189.3,51.4
42.25798,-71.095531,2325,189.4,51.9
42.26082,-71.090677,2225,187.3,51.7
42.263194,-71.086589,2125,185.9,51.8
42.265242,-71.083076,2025,183.7,51.6
42.267609,-71.078984,1950,179.0,52.5
42.270126,-71.074614,1875,174.0,52.5
42.273854,-71.068002,1775,175.6,52.9
42.275949,-71.064361,1750,180.2,52.0
42.278824,-71.05957,1650,181.8,50.4
42.280472,-71.057386,1625,179.7,46.3
42.282141,-71.055546,1550,178.4,39.3
42.28391,-71.054141,1500,176.1,34.6
42.286011,-71.052641,1450,172.2,28.0
42.289169,-71.050706,1400,170.6,23.9
42.293174,-71.048648,1300,167.7,20.6
42.29805,-71.046399,1200,164.8,18.8
42.30217,-71.044464,1100,161.9,19.1
42.306069,-71.04258,1000,160.1,20.5
42.310119,-71.040344,900,156.4,23.0
42.314448,-71.037725,800,152.6,24.4
42.319755,-71.03434,725,149.4,25.4
42.321943,-71.032935,675,151.6,25.4
42.325516,-71.030731,575,153.9,24.6
42.329361,-71.028422,475,152.7,23.5
42.334884,-71.025398,400,153.9,21.7
42.339074,-71.023418,300,157.5,18.9
42.343002,-71.021618,200,156.9,19.4
42.348038,-71.019183,100,155.3,20.0
42.353552,-71.016519,0,153.1,19.9
42.358704,-71.014002,-100,155.0,19.6
42.363876,-71.011505,-125,155.0,19.6
42.366912,-71.010004,-125,150.3,20.2
42.367611,-71.009685,-125,147.1,20.3
42.367843,-71.009557,-125,143.6,20.0
42.3685,-71.009258,-125,140.5,20.0
42.3691,-71.008982,-125,137.3,20.0
42.36969,-71.008696,-125,134.1,20.1
42.37045,-71.008343,-125,130.0,20.2
42.370926,-71.008072,-125,122.4,20.1
42.371704,-71.00776,-125,117.0,20.0
42.372299,-71.007448,-125,108.5,19.9
42.372711,-71.00726,-100,103.5,20.4
42.373123,-71.007042,-50.0,99.0,19.7
42.374577,-71.00634,-50.0,79.0,19.7
42.374815,-71.00622,-50.0,73.0,19.7
42.375071,-71.006092,-50.0,67.5,19.7
42.375298,-71.005996,-50.0,60.5,19.7
42.375478,-71.0059,-50.0,54.5,19.7
42.375664,-71.005809,-50.0,48.5,22.5
42.375961,-71.005669,-50.0,44.5,19.7
42.376202,-71.005544,-50.0,40.5,19.7
42.376442,-71.005435,-50.0,38.5,19.7
42.376584,-71.005357,-50.0,35.5,19.7
42.37663,-71.005325,-50.0,32.5,19.7
42.376808,-71.005247,-50.0,29.5,19.7
42.376865,-71.005216,-50.0,27.5,19.7
42.376956,-71.005182,-50.0,24.5,19.7
42.377072,-71.005134,-50.0,21.5,16.9
42.377154,-71.005134,-50.0,18.5,11.2
42.377357,-71.005169,-50.0,16.5,351.6
42.377468,-71.005309,-50.0,15.5,331.9
42.377515,-71.005389,-50.0,15.5,323.4
42.377619,-71.005629,-50.0,16.5,300.9
42.377735,-71.006059,-50.0,19.5,289.7
42.377758,-71.00623,-50.0,18.5,284.1
42.377758,-71.006402,-50.0,17.5,275.6
42.377724,-71.006574,-50.0,15.5,261.6
42.377689,-71.006667,-50.0,15.5,253.1
42.377643,-71.006731,-50.0,15.5,244.7
42.377541,-71.006839,-50.0,15.5,227.8
42.37746,-71.006886,-50.0,16.5,219.4
42.377387,-71.006938,-50.0,16.5,210.9
42.377293,-71.006986,-50.0,17.5,205.3
42.377119,-71.00705,-50.0,17.5,199.7
42.376723,-71.007242,-50.0,19.5,199.7
42.376328,-71.007433,-50.0,21.5,199.7
42.375955,-71.007625,-50.0,22.5,199.7
42.375561,-71.007807,-50.0,23.5,199.7
42.375199,-71.007992,-50.0,23.5,199.7
42.374815,-71.008168,-50.0,21.5,199.7
42.374396,-71.008375,-50.0,19.5,199.7
42.373993,-71.008571,-50.0,20.5,199.7
42.373547,-71.008774,-50.0,20.5,199.7
42.373135,-71.008993,-50.0,18.5,199.7
42.37279,-71.009174,-50.0,17.5,202.5
42.37244,-71.009413,-50.0,17.5,205.3
42.372045,-71.009669,-50.0,18.5,205.3
42.371647,-71.009929,-50.0,18.5,205.3
42.371246,-71.010194,-50.0,19.5,205.3
42.370858,-71.010435,-50.0,19.5,205.3
42.370474,-71.010691,-50.0,19.5,205.3
42.37009,-71.010943,-50.0,14.8,205.3
42.369927,-71.011074,-50.0,13.8,208.1
42.369822,-71.01117,-50.0,13.2,213.8
42.36977,-71.011271,-50.0,12.8,222.2
42.369724,-71.011365,-50.0,12.8,230.6
42.369682,-71.011473,-50.0,12.8,241.9
42.36969,-71.011599,-50.0,13.2,250.3
42.369694,-71.011681,-50.0,13.2,258.8
42.369713,-71.011755,-50.0,13.2,270.0
42.369752,-71.011872,-50.0,13.2,281.2
42.369804,-71.011926,-50.0,13.2,292.5
42.369868,-71.012032,-50.0,12.8,303.8
42.369961,-71.012112,-50.0,12.8,312.2
42.370239,-71.012473,-50.0,13.8,315.0
42.370543,-71.012878,-50.0,14.8,315.0
42.370799,-71.01323,-50.0,16.5,315.0
42.371114,-71.013645,-50.0,14.8,315.0
42.371428,-71.01406,-50.0,12.2,315.0
42.371661,-71.014379,-50.0,7.2,315.0
42.371738,-71.014486,-50.0,2.2,315.0
42.371738,-71.014486,-50.0,0.0,315.0
42.371738,-71.014486,-50.0,0.0,315.0
42.371738,-71.014486,-50.0,0.0,315.0
42.371738,-71.014486,-50.0,0.0,315.0
42.371738,-71.014486,-50.0,0.0,315.0
42.371742,-71.014475,-50.0,0.0,315.0
42.371742,-71.014475,-50.0,0.0,315.0
42.371742,-71.014475,-50.0,0.0,315.0
42.371738,-71.014486,-50.0,0.0,315.0
42.371807,-71.014564,-50.0,2.2,315.0
42.371887,-71.014673,-50.0,3.8,317.8
42.372021,-71.014843,-50.0,5.8,317.8
42.372082,-71.014938,-50.0,6.2,312.2
42.372138,-71.01505,-50.0,6.8,306.6
42.372161,-71.015162,-50.0,7.2,300.9
42.372185,-71.015266,-50.0,7.8,295.3
42.372196,-71.01537,-50.0,8.2,286.9
42.372196,-71.015516,-50.0,8.8,278.4
42.372173,-71.015609,-50.0,9.8,270.0
42.372138,-71.015737,-50.0,10.2,261.6
42.372103,-71.015833,-50.0,10.8,253.1
42.372047,-71.015937,-50.0,11.8,244.7
42.371975,-71.016056,-50.0,12.2,236.2
42.371858,-71.016232,-50.0,13.2,230.6
42.371681,-71.016483,-50.0,13.2,227.8
42.371544,-71.016655,-50.0,11.8,225.0
42.37144,-71.016759,-50.0,11.2,219.4
42.371349,-71.016827,-50.0,11.8,210.9
42.371258,-71.016858,-50.0,11.8,202.5
42.37116,-71.016855,-50.0,12.2,194.1
42.371079,-71.016839,-50.0,12.2,182.8
42.370997,-71.016807,-50.0,11.8,171.6
42.370927,-71.016727,-50.0,11.8,163.1
42.37088,-71.016686,-50.0,11.2,157.5
42.3708,-71.016593,-50.0,11.2,146.2
42.370671,-71.016423,-50.0,11.2,140.6
42.370571,-71.01628,-50.0,7.8,137.8
42.370537,-71.016249,-50.0,4.2,137.8
42.370468,-71.016171,-50.0,2.2,137.8
42.370334,-71.015992,-50.0,5.2,137.8
42.370252,-71.015928,-50.0,5.8,143.4
42.370171,-71.01589,-50.0,6.8,149.1
42.370113,-71.015859,-50.0,7.2,154.7
42.370043,-71.015849,-50.0,8.2,163.1
42.369965,-71.015843,-50.0,9.2,168.8
42.369892,-71.015865,-50.0,9.2,177.2
42.369827,-71.01589,-50.0,10.2,185.6
42.369747,-71.015937,-50.0,10.8,194.1
42.369667,-71.016015,-50.0,11.2,202.5
42.369576,-71.016093,-50.0,11.8,210.9
42.369286,-71.016376,-50.0,11.2,213.8
42.368949,-71.016663,-50.0,10.2,213.8
42.368774,-71.016823,-50.0,8.8,216.6
42.368728,-71.016918,-50.0,8.8,222.2
42.368694,-71.017154,-50.0,8.8,250.3
42.368706,-71.017217,-50.0,8.8,258.8
42.368717,-71.017295,-50.0,8.8,270.0
42.368752,-71.017342,-50.0,7.8,278.4
42.368786,-71.017388,-50.0,7.2,289.7
42.368833,-71.017445,-50.0,5.2,295.3
42.368912,-71.017623,-50.0,4.8,298.1
42.36898,-71.017794,-50.0,3.8,300.9
42.369019,-71.017893,-50.0,2.2,298.1
42.369038,-71.01795,-50.0,0.0,298.1
42.369038,-71.017935,-50.0,0.0,298.1
42.369049,-71.017935,-50.0,0.0,298.1
42.369072,-71.017716,-50.0,0.0,298.1
42.369049,-71.017935,-50.0,0.0,298.1
42.369049,-71.017935,-50.0,0.0,298.1
42.369042,-71.017924,-50.0,0.0,298.1
42.369003,-71.017981,-50.0,0.0,298.1
42.369038,-71.017981,-50.0,0.0,298.1
42.369026,-71.017981,-50.0,0.0,298.1
42.369042,-71.017956,-50.0,0.0,298.1
42.36917,-71.017893,-50.0,0.0,298.1
42.36917,-71.017877,-50.0,0.0,298.1
42.369038,-71.017966,-50.0,0.0,298.1
42.369038,-71.017981,-50.0,0.0,298.1
42.369042,-71.01794,-50.0,0.0,298.1
42.369186,-71.017607,-50.0,0.0,298.1
42.369193,-71.017605,-50.0,0.0,298.1
42.369019,-71.017845,-50.0,0.0,298.1
42.36903,-71.017956,-50.0,0.0,298.1
42.369042,-71.01794,-50.0,0.0,298.1
42.36903,-71.01794,-50.0,0.0,298.1
42.369038,-71.01795,-50.0,0.0,298.1
42.369042,-71.017956,-50.0,0.0,298.1
42.369026,-71.017981,-50.0,0.0,298.1
42.369038,-71.01795,-50.0,0.0,298.1
42.36903,-71.017988,-50.0,0.0,298.1
42.36903,-71.01802,-50.0,0.0,298.1
42.369007,-71.018004,-50.0,0.0,298.1
42.36903,-71.017988,-50.0,0.0,298.1
42.369042,-71.017988,-50.0,0.0,298.1
42.369038,-71.017997,-50.0,0.0,298.1
42.369026,-71.018059,-50.0,0.0,298.1
42.36903,-71.017972,-50.0,0.0,298.1
42.369038,-71.017981,-50.0,0.0,298.1
42.369038,-71.01795,-50.0,0.0,298.1
42.369072,-71.017872,-50.0,0.0,298.1
42.369042,-71.017956,-50.0,0.0,298.1
42.36903,-71.017988,-50.0,0.0,298.1
42.36903,-71.017956,-50.0,0.0,298.1
42.369038,-71.01795,-50.0,0.0,298.1
42.369026,-71.017966,-50.0,0.0,298.1
42.369026,-71.01795,-50.0,0.0,298.1
42.368958,-71.018013,-50.0,0.0,298.1
42.368946,-71.018013,-50.0,0.0,298.1
42.368992,-71.017981,-50.0,0.0,298.1
42.369049,-71.01795,-50.0,0.0,298.1
42.369042,-71.017956,-50.0,0.0,298.1
42.369049,-71.017966,-50.0,0.0,298.1
42.369015,-71.017981,-50.0,0.0,298.1
42.36903,-71.017956,-50.0,0.0,298.1
42.369003,-71.017981,-50.0,0.0,298.1
42.369026,-71.017966,-50.0,0.0,298.1
42.369042,-71.017956,-50.0,0.0,298.1
42.369026,-71.01795,-50.0,0.0,298.1
42.369026,-71.01795,-50.0,0.0,298.1
42.36903,-71.017956,-50.0,0.0,298.1
42.369026,-71.01795,-50.0,0.0,298.1
42.368984,-71.017956,-50.0,0.0,298.1
42.368996,-71.01794,-50.0,0.0,298.1
42.368972,-71.017956,-50.0,0.0,298.1
42.369026,-71.017935,-50.0,0.0,298.1
42.369026,-71.017935,-50.0,0.0,298.1
42.369026,-71.017935,-50.0,0.0,298.1
42.368996,-71.017924,-50.0,0.0,298.1
42.369026,-71.017935,-50.0,0.0,298.1
42.36903,-71.017924,-50.0,0.0,298.1
42.36903,-71.01794,-50.0,0.0,298.1
42.369007,-71.01794,-50.0,0.0,298.1
42.368992,-71.017935,-50.0,0.0,298.1
42.36903,-71.01794,-50.0,0.0,298.1
42.369038,-71.017966,-50.0,0.0,298.1
42.369049,-71.017966,-50.0,0.0,298.1
42.369042,-71.017956,-50.0,0.0,298.1
42.369049,-71.01795,-50.0,0.0,298.1
42.369049,-71.01795,-50.0,0.0,298.1
42.369042,-71.017956,-50.0,0.0,298.1
42.369042,-71.017972,-50.0,0.0,298.1
42.369042,-71.017956,-50.0,0.0,298.1
42.369049,-71.01795,-50.0,0.0,298.1
42.369049,-71.01795,-50.0,0.0,298.1
42.369054,-71.01794,-50.0,0.0,298.1
42.369054,-71.01794,-50.0,0.0,298.1
42.369042,-71.01794,-50.0,0.0,298.1
42.369042,-71.01794,-50.0,0.0,298.1
42.369042,-71.017956,-50.0,0.0,298.1
42.369042,-71.017956,-50.0,0.0,298.1
42.369038,-71.01795,-50.0,0.0,298.1
42.369038,-71.01795,-50.0,0.0,298.1
42.369038,-71.01795,-50.0,0.0,298.1
42.369049,-71.01795,-50.0,0.0,298.1
42.369061,-71.01795,-50.0,0.0,298.1
42.369054,-71.017956,-50.0,0.0,298.1
42.369054,-71.017956,-50.0,0.0,298.1
42.369049,-71.01795,-50.0,0.0,298.1
42.369038,-71.01795,-50.0,0.0,298.1
42.369038,-71.017935,-50.0,0.0,298.1
42.369042,-71.01794,-50.0,0.0,298.1
42.369038,-71.01795,-50.0,0.0,298.1
42.369042,-71.01794,-50.0,0.0,298.1
42.369042,-71.017956,-50.0,0.0,298.1
42.369049,-71.01795,-50.0,0.0,298.1
42.369054,-71.017956,-50.0,0.0,298.1
42.369054,-71.017956,-50.0,0.0,298.1
42.369054,-71.017956,-50.0,0.0,298.1
42.369054,-71.017956,-50.0,0.0,298.1
42.369049,-71.01795,-50.0,0.0,298.1
42.369042,-71.01794,-50.0,0.0,298.1
42.369042,-71.01794,-50.0,0.0,298.1
42.369038,-71.01795,-50.0,0.0,298.1
42.369049,-71.01795,-50.0,0.0,298.1
42.369054,-71.01794,-50.0,0.0,298.1
42.366074,-71.014782,-50.0,0.0,213.8
42.366074,-71.014782,-50.0,0.0,213.8
42.366074,-71.014779,-50.0,0.0,213.8
42.366074,-71.014779,-50.0,0.0,213.8
42.366074,-71.014782,-50.0,0.0,213.8
42.366074,-71.014795,-50.0,0.0,213.8
42.366074,-71.014782,-50.0,0.0,213.8
42.366211,-71.015016,-50.0,0.0,213.8
42.366074,-71.014874,-50.0,0.0,213.8
42.366074,-71.014779,-50.0,0.0,213.8
42.366063,-71.014874,-50.0,0.0,213.8
42.366121,-71.014954,-50.0,0.0,213.8
42.366144,-71.014859,-50.0,0.0,213.8
42.366074,-71.014782,-50.0,0.0,213.8
42.366074,-71.014795,-50.0,0.0,213.8
42.366074,-71.014798,-50.0,0.0,213.8
42.366039,-71.014845,-50.0,0.0,213.8
42.366039,-71.014859,-50.0,0.0,213.8
42.366016,-71.014843,-50.0,0.0,213.8
42.366051,-71.014782,-50.0,0.0,213.8
42.366086,-71.014795,-50.0,0.0,213.8
42.366098,-71.014763,-50.0,1.1,213.8
42.366144,-71.014747,-50.0,1.1,216.6
42.366237,-71.014667,-50.0,1.4,216.6
42.36633,-71.014555,-50.0,1.4,216.6
42.366342,-71.014539,-50.0,1.4,213.8
42.366348,-71.014501,-50.0,1.6,208.1
42.366354,-71.014475,-50.0,1.6,202.5
42.366371,-71.014455,-50.0,1.4,196.9
42.366377,-71.014427,-50.0,1.4,191.2
42.3664,-71.014395,-50.0,1.6,188.4
42.366417,-71.014392,-50.0,1.6,182.8
42.36644,-71.014361,-50.0,1.6,180.0
42.366451,-71.014345,-50.0,1.6,174.4
42.366474,-71.01433,-50.0,1.4,168.8
42.366505,-71.014332,-50.0,1.6,165.9
42.366528,-71.014316,-50.0,1.6,160.3
42.366552,-71.014316,-50.0,1.6,157.5
42.366577,-71.014314,-50.0,1.6,151.9
42.3666,-71.014299,-50.0,1.6,146.2
42.366623,-71.014299,-50.0,1.6,140.6
42.366634,-71.014299,-50.0,1.6,137.8
42.366656,-71.0143,-50.0,1.4,132.2
42.366669,-71.014299,-50.0,1.4,129.4
42.366691,-71.0143,-50.0,1.4,123.8
42.366714,-71.014316,-50.0,1.6,118.1
42.366726,-71.01433,-50.0,1.4,112.5
42.366749,-71.014348,-50.0,1.4,106.9
42.366773,-71.014363,-50.0,1.6,104.1
42.366796,-71.014395,-50.0,1.4,98.4
42.366808,-71.014411,-50.0,1.1,92.8
42.366819,-71.014459,-50.0,1.1,90.0
42.366817,-71.014501,-50.0,1.1,87.2
42.366819,-71.014507,-50.0,0.0,87.2
42.366808,-71.014443,-50.0,1.4,90.0
42.366808,-71.014348,-50.0,1.6,90.0
42.366817,-71.014314,-50.0,1.6,87.2
42.366829,-71.014283,-50.0,1.9,84.4
42.366842,-71.014252,-50.0,1.9,78.8
42.366863,-71.014189,-50.0,1.9,75.9
42.366886,-71.014142,-50.0,1.9,73.1
42.366909,-71.01408,-50.0,1.9,70.3
42.366932,-71.013955,-50.0,2.2,70.3
42.366943,-71.013908,-50.0,2.2,73.1
42.366943,-71.01383,-50.0,2.2,75.9
42.366955,-71.013752,-50.0,1.6,78.8
42.366971,-71.013677,-50.0,1.6,75.9
42.366982,-71.013565,-50.0,1.1,75.9
42.366989,-71.013518,-50.0,1.1,78.8
42.367005,-71.013421,-50.0,0.0,78.8
42.367012,-71.013425,-50.0,0.0,78.8
42.367005,-71.013405,-50.0,0.0,78.8
42.36704,-71.013182,-50.0,2.2,78.8
42.367058,-71.013019,-50.0,2.2,78.8
42.367064,-71.01291,-50.0,3.8,81.6
42.367052,-71.012831,-50.0,4.2,87.2
42.367046,-71.012769,-50.0,3.2,92.8
42.367023,-71.012722,-50.0,3.8,98.4
42.367001,-71.012676,-50.0,4.2,104.1
42.366971,-71.012623,-50.0,4.2,109.7
42.366936,-71.012575,-50.0,4.8,115.3
42.366909,-71.012535,-50.0,4.8,120.9
42.366795,-71.012317,-50.0,6.8,123.8
42.366749,-71.01227,-50.0,6.2,132.2
42.366714,-71.01227,-50.0,6.8,140.6
42.36668,-71.01227,-50.0,7.2,149.1
42.366645,-71.012304,-50.0,7.8,160.3
42.366611,-71.012332,-50.0,7.8,171.6
42.366577,-71.012363,-50.0,7.2,180.0
42.366543,-71.01241,-50.0,7.2,188.4
42.366505,-71.012447,-50.0,7.2,196.9
42.36644,-71.012519,-50.0,7.8,205.3
42.366342,-71.012607,-50.0,8.2,210.9
42.366096,-71.0128,-50.0,9.2,210.9
42.365959,-71.012878,-50.0,9.8,205.3
42.365562,-71.013118,-50.0,10.8,205.3
42.365155,-71.013373,-50.0,11.8,205.3
42.364792,-71.013612,-50.0,11.8,205.3
42.364433,-71.013789,-50.0,11.2,202.5
42.364142,-71.013948,-50.0,9.2,199.7
42.364002,-71.014002,-50.0,8.8,196.9
42.363922,-71.014002,-50.0,8.8,188.4
42.363865,-71.013986,-50.0,8.2,182.8
42.363793,-71.013948,-50.0,7.8,174.4
42.363747,-71.0139,-50.0,7.2,165.9
42.363705,-71.013846,-50.0,7.8,157.5
42.36367,-71.013784,-50.0,8.2,146.2
42.363619,-71.013693,-50.0,8.2,137.8
42.363584,-71.013597,-50.0,8.2,132.2
42.363514,-71.013453,-50.0,8.8,126.6
42.363386,-71.013166,-50.0,9.2,123.8
42.363201,-71.012785,-50.0,10.8,120.9
42.362984,-71.012301,-50.0,12.8,120.9
42.362755,-71.011802,-50.0,12.2,120.9
42.362595,-71.011377,-50.0,11.8,118.1
42.362455,-71.010946,-50.0,10.2,115.3
42.362304,-71.010515,-50.0,8.2,115.3
42.362206,-71.01021,-50.0,7.8,112.5
42.362094,-71.009876,-50.0,8.2,115.3
42.36192,-71.009365,-50.0,12.2,115.3
42.361759,-71.008883,-50.0,15.5,112.5
42.361599,-71.008368,-50.0,16.5,112.5
42.361439,-71.007916,-50.0,17.5,115.3
42.361291,-71.007433,-50.0,18.5,112.5
42.361164,-71.006948,-50.0,18.5,109.7
42.361023,-71.006379,-50.0,18.5,109.7
42.360884,-71.005852,-50.0,18.5,109.7
